GN_GB_ND_SH_DNA_VM_HO-1hbtR,GN_GB_ND_SH_DNA_VM_HO-34IaB,GN_GB_ND_SH_DNA_VM_HO-7IkeA,GN_GB_ND_SH_DNA_VM_HO-9W9pq,GN_GB_ND_SH_DNA_VM_HO-Cv7xc,GN_GB_ND_SH_DNA_VM_HO-Db5kr,GN_GB_ND_SH_DNA_VM_HO-eAB8c,GN_GB_ND_SH_DNA_VM_HO-EAskK,GN_GB_ND_SH_DNA_VM_HO-eY9y0,GN_GB_ND_SH_DNA_VM_HO-fl8X9,GN_GB_ND_SH_DNA_VM_HO-idzZd,GN_GB_ND_SH_DNA_VM_HO-ieC5u,GN_GB_ND_SH_DNA_VM_HO-IMqGo,GN_GB_ND_SH_DNA_VM_HO-j6Sse,GN_GB_ND_SH_DNA_VM_HO-LOXXL,GN_GB_ND_SH_DNA_VM_HO-OnqTn,GN_GB_ND_SH_DNA_VM_HO-qRVHP,GN_GB_ND_SH_DNA_VM_HO-RMRJ9,GN_GB_ND_SH_DNA_VM_HO-xAeWp,GN_GB_ND_SH_DNA_VM_HO-XnieG,GN_GB_ND_SH_DNA_VM_HO-ybTm8,GN_GB_ND_SH_DNA_VM_VE-2VJKp,GN_GB_ND_SH_DNA_VM_VE-32QOv,GN_GB_ND_SH_DNA_VM_VE-76HfD,GN_GB_ND_SH_DNA_VM_VE-DI4Wa,GN_GB_ND_SH_DNA_VM_VE-fn2xX,GN_GB_ND_SH_DNA_VM_VE-htsBX,GN_GB_ND_SH_DNA_VM_VE-kxcsh,GN_GB_ND_SH_DNA_VM_VE-lHB6Q,GN_GB_ND_SH_DNA_VM_VE-LrC1E,GN_GB_ND_SH_DNA_VM_VE-SrDKP,GN_GB_ND_SH_DNA_VM_VE-tVcYY,GN_GB_ND_SH_DNA_VM_VE-u5yO7,GN_GB_ND_SH_DNA_VM_VE-U7ecJ
2.088042897,2.030386221,3.303797663,,5.576444444,6.181060606,3.412507475,4.092533119,4.256952833,2.462595564,,2.501269117,2.964916365,2.5,4.270962284,6.55133925,2.02281976,5.93954945,2.295045193,2.463571429,3.857424782,2.410984244,3.425592746,3.286608093,4.311578729,,2.296645379,2.36449705,2.397628891,,2.23165255,3.203926707,2.015,2.038270583
4.26006675,2.187536963,3.346123703,,5.599583333,6.194160584,3.649216228,5.273671186,3.962180883,2.46654798,,2.089559583,3.775490033,2.5,4.291725785,7.084730847,2.136440055,2.373144461,2.299634143,2.847333333,6.368432033,2.484229791,5.8499749,3.087020655,3.948429817,,2.066446169,2.703099783,2.474040828,,14.11798983,6.17720825,2.109,2.25997073
2.641744267,2.141109717,2.752629115,,5.252631579,5.8812749,5.257794492,4.2612238,2.371786525,2.432310887,,13.55147767,3.365694433,2.5,4.434014284,4.749555175,2.130551785,6.372742383,2.25181632,,5.243423828,3.224229328,3.115145983,3.214800117,2.321556167,,3.0896234,2.306706017,4.111861273,,4.26114228,5.276841225,2.276818182,2.241988893
2.288342593,2.100666717,2.205587865,,5.201793722,5.82745098,7.18385893,3.803691633,6.407392762,2.409743547,,4.563676926,3.971832847,2.5,4.576241355,6.86526591,2.116760625,3.194257277,2.234859467,,10.45299219,2.018954602,3.074717864,2.873494133,4.561048017,,3.161189482,2.593031972,5.504833371,,2.23825495,10.51124391,4.71972973,2.821363567
6.499512633,2.038956274,3.365341055,,5.0764,5.658139535,9.135782367,3.066560617,4.004564691,2.384566333,,2.398711233,4.111167571,2.5,4.308494684,8.63268931,2.061385155,4.918079757,2.212058247,,2.106762067,2.660448556,9.649118233,2.798581906,2.954398622,,3.479016684,2.879695767,8.040365545,,3.245160967,2.0263742,4.597945205,2.186521138
3.052942607,2.4884492,4.802463417,,5.2985,5.963424125,7.459445167,3.862824695,5.18560075,2.398759038,,2.02021945,4.963051133,2.5,4.658549684,6.504201477,2.162515157,6.52371995,2.234016733,,4.855665733,3.319686433,2.942440254,2.938532515,2.298955261,,2.09896088,3.989288533,6.174121655,,5.368415233,5.595181368,20.0,4.1730568
2.259061128,2.503811586,2.491437,,5.36846473,6.067611336,5.157088617,4.348679867,3.691710169,2.41513512,,3.56052855,6.41587385,2.5,4.411442774,4.848955404,2.192501526,4.553103829,2.229868039,,4.221452678,2.055842414,3.98981355,2.916852583,3.332233767,,2.975529322,2.426886483,3.694760772,,2.838123562,5.106788283,20.0,2.590533763
2.164646878,2.137470142,2.493156622,,5.456355932,6.117054264,6.525208714,2.512099823,6.556125133,2.471279407,,5.8480341,4.093609833,2.5,4.515293792,5.427264453,2.063747747,2.631173643,2.280114228,,5.400972033,2.070085023,2.027248691,3.500692196,4.084553433,,3.773475733,2.311327483,7.087479473,,2.545966375,7.645946,20.0,4.915913233
2.564696564,2.438895183,2.331926083,,5.097083333,5.70826087,7.368630983,5.428171916,4.557323733,2.479130376,,3.417744704,4.2501764,2.5,4.889287602,7.377303719,2.036837339,3.71341332,2.285796895,,4.8501356,2.01798594,5.222235144,2.931122417,4.134511567,,2.293470183,2.3298466,6.102086492,,2.305362833,4.771790617,20.0,3.846293118
2.218841429,2.042361483,4.5619631,,5.4644,6.06122449,13.84454285,4.272571198,7.5871383,2.46357074,,2.244960833,3.8784218,2.5,4.63667291,5.058862509,2.097090046,5.781769458,2.284275762,,4.788282855,2.027810963,5.563047136,2.811418475,3.336423605,,3.885082433,5.890535167,12.02492053,,2.318319633,4.461292025,20.0,2.532510399
6.062292417,2.0720544,2.658415017,,5.50648855,6.139583333,5.1020806,5.217980967,7.50091485,2.447807594,,2.796095229,9.296081283,2.5,4.688832414,5.560657214,2.1448723,6.823003533,2.250571618,,8.002601733,3.28947925,4.389693333,3.264647533,5.677090317,,5.1698796,5.374978267,3.469430467,,2.922974707,7.767897033,20.0,2.040067205
2.15991335,2.616297915,5.882473248,,5.364074074,5.963957597,12.86755682,4.788961153,4.356330389,2.407246977,,2.55088975,8.886731233,2.5,4.859494022,4.770516636,2.067686032,6.827661083,2.214379596,,9.955282667,2.329682466,3.798052576,2.348665967,4.14082465,,2.453838209,2.417133833,11.39711792,,2.433528332,9.495908483,20.0,4.22184467
2.779841983,2.031647333,3.199432896,,5.361507937,5.914173228,8.862411467,5.8463589,6.391629559,2.399515801,,2.504754983,3.02886085,2.5,4.798862566,6.764826267,2.120742957,5.107489013,2.217209186,,8.045743086,3.729977865,8.431064983,2.77493065,4.55662039,,2.986655567,4.601062783,6.966926617,,2.869375364,7.592934875,20.0,3.322145397
2.474594494,2.0296073,7.211792563,,5.308298755,5.822222222,9.6933244,4.195436383,4.749118086,2.394812087,,3.362759431,7.55245925,2.5,4.228393109,4.759297491,2.194073508,6.496109883,2.203162318,,3.626767254,2.332434497,3.651704517,2.5845621,5.284158983,,2.703342655,5.27736225,7.732209417,,3.305222396,3.582627433,20.0,4.53477435
2.46211822,2.327432317,6.31045035,,5.121875,5.64270073,8.061469483,4.31459831,2.068277763,2.391017616,,2.021939775,8.660702367,2.5,4.42544506,4.728583868,2.237378298,6.272972517,2.199245171,,3.15435531,4.55085255,3.62371005,3.046081767,3.552159511,,2.373308518,7.988368183,6.609025075,,3.741069427,3.067722845,20.0,2.951552034
3.214632845,2.29955175,2.652299944,,5.137751004,5.636964981,4.497090593,4.308524034,12.77371975,2.453936206,,2.286393613,11.5209494,2.5,4.510668976,5.089559208,2.06245527,6.67753675,2.251387356,,2.389774344,4.22693815,4.133789033,2.962594583,4.4837845,,2.178184586,4.475577867,3.185604519,,4.176916459,2.210562886,20.0,2.652075845
3.903837678,2.092350644,6.070781333,,5.401449275,6.023507463,4.74224415,6.214431328,4.908144153,2.359856982,,2.550847451,7.089000267,2.5,4.524565333,10.3213205,2.251697316,8.663424617,2.172966059,,5.342647317,2.102233556,6.3747011,3.16819485,5.2005111,,2.465704595,2.340141683,3.164822821,,4.612763491,4.62052775,20.0,4.318986522
2.7304579,2.018200667,3.861364833,,5.446613546,6.142307692,8.243719413,5.188700086,5.989165783,2.333763707,,2.815301289,2.9473382,2.5,4.371332949,10.33300528,2.229041699,6.383514042,2.192829276,,5.442960633,3.929117083,5.261702567,3.1033412,5.032205136,,2.753224604,4.322110033,6.531459068,,6.108727217,6.118562783,20.0,4.502914356
3.715971933,2.0756585,4.153907133,,5.267871486,5.927091633,4.719525483,4.395772233,5.77131545,2.289021109,,6.979101433,7.031149617,2.5,4.245924035,3.007825148,2.209803508,7.75791545,2.147859318,,7.526001767,2.784346233,3.847788367,3.261853883,5.248003095,,3.040744612,3.2378734,3.29233122,,2.451411797,8.6373474,20.0,3.231731183
2.45703164,2.355516967,6.078542936,,5.1734375,5.763485477,13.10160998,3.552780333,9.658479084,2.304032174,,2.631486966,5.4632262,2.5,4.443308428,5.315396963,2.307029689,8.429571283,2.17269423,,3.39301059,4.6909341,9.1436187,2.8623524,3.785554873,,7.200646217,4.645127033,11.01695976,,7.271491633,4.076523153,20.0,6.397948317
3.054186033,2.045812583,3.349716616,,5.262139918,6.02406015,4.933663568,2.674093677,4.606371175,2.328190139,,2.217459869,7.231982867,2.5,4.351447835,4.997503638,2.102117714,8.633384441,2.211048555,,7.549272,3.816145961,4.583417491,2.071092709,6.843531511,,2.015884132,3.923740183,3.293931407,,2.887855447,8.415577136,20.0,4.2215551
2.005775596,2.262995367,8.098999417,,5.592,6.360363636,4.732832695,5.200020654,4.587151245,2.301377642,,8.262180117,6.215362481,2.5,4.843677425,3.557085705,2.010592461,2.016780259,2.1715793,,6.706098683,2.544591452,5.161219439,3.477322417,5.570245383,,3.825346963,3.636977317,3.128727259,,2.6159936,6.860129167,20.0,6.233978533
3.76353695,2.3777338,8.096282792,,5.161133603,5.828,8.810183767,5.607672939,7.644546704,2.325232484,,3.19413258,5.897717117,2.5,4.563545073,3.95393125,2.020955579,2.319551149,2.199265328,,3.981781155,4.920473271,6.95991505,3.088906181,6.1043947,,2.800414455,3.627160404,5.7303465,,2.399237283,3.469779277,20.0,4.036590745
2.268426832,2.1974923,4.744961707,,5.189140271,6.022529644,3.310479649,2.073511218,5.11538611,2.359354256,,2.628082267,5.850682975,2.5,4.523558083,6.629547,2.018333744,2.62232204,2.21750493,,5.255041056,2.078609293,2.273408468,2.833226158,4.8164057,,4.609664709,3.574722952,2.296591997,,5.364415811,4.764812178,20.0,5.443120183
2.969219067,2.389751733,6.562849459,,5.322727273,6.165758755,4.262488647,2.887454881,5.467703917,2.346952998,,2.9064551,6.061873939,2.5,4.39080131,4.650962797,2.107370736,2.92509293,2.203593561,,6.986067633,5.123631396,3.169218853,4.91994459,5.334125476,,2.310563365,4.875836617,2.753375465,,2.027885734,7.43185275,20.0,3.511279327
6.189052723,2.336041567,6.174173384,,5.318128655,6.113004484,4.95713655,3.701398544,5.4301931,2.392136204,,6.183338932,3.250863808,2.5,4.369855731,3.739603575,2.082608477,3.22786382,2.244091829,,4.007878892,3.194496621,4.065029237,3.979389483,7.234641583,,2.248395182,3.778674467,3.674420345,,2.477533253,3.081083903,20.0,3.6267785
3.103524651,2.062144,5.785497309,,5.311881188,6.056538462,6.753347917,4.515342207,4.513254321,2.338822461,,2.137594473,7.977335033,2.5,4.393749312,6.021167268,2.094919534,5.544404594,2.179116167,,4.457287579,4.355148239,4.960839622,3.635365633,6.55236915,,3.139720427,5.8589591,5.145288183,,2.713913167,4.765861414,20.0,2.554170005
2.468885305,2.887455967,5.396821234,,5.745652174,6.325,4.338086606,5.32928587,6.832584567,2.410074441,,2.722343792,6.171949783,2.5,4.60837482,5.147072537,2.117886886,3.836609979,2.238463839,,5.033408267,4.28881393,5.856650007,4.789163328,7.529353467,,2.452826889,3.858612622,2.90905291,,3.55332001,5.485179085,20.0,2.536510303
3.166419867,2.421026533,5.008145158,,5.930107527,6.79137931,6.61054436,6.143229533,5.196437083,2.459261883,,3.079224433,2.069341174,2.5,4.804609755,7.225344,2.021096177,7.415769876,2.256720282,,4.020378885,4.222479621,6.752460392,2.148290124,4.304364741,,2.684980288,3.041936881,4.826756257,,3.784594117,3.485259752,20.0,4.630563068
2.65439465,2.912547618,4.619469083,,5.941176471,6.802912621,8.939295083,6.957173195,5.869729741,2.4089255,,3.249780393,2.28545428,2.5,4.32260103,8.111235189,2.164167786,7.180068414,2.165687752,,6.92928025,4.156145312,7.648270776,2.431674102,6.0681987,,2.218127745,2.671629267,6.721057283,,5.52967595,7.542520467,20.0,4.98269769
3.843649567,2.26130945,4.230793008,,5.78452381,6.695061728,8.827070217,7.771116858,6.351139667,2.378853864,,2.084275281,3.775075638,2.5,4.374939406,4.782576944,2.106225215,7.503011967,2.198323804,,3.661990333,4.089811003,8.544081161,2.71505808,5.965846433,,2.354955161,3.93346815,6.940253317,,2.731367417,3.748619143,20.0,4.396245309
3.0592379,2.031488966,3.842116933,,5.940659341,6.827927928,4.517155367,8.585060521,3.469969985,2.342976818,,4.059318883,10.54484068,2.5,4.918501384,6.63432039,2.203154026,6.611112583,2.1784868,,7.897250533,4.023476694,9.439891546,2.998442059,8.103573067,,3.5214174,2.090533039,3.11923981,,3.371070717,9.234346767,20.0,3.146844
3.1438979,2.055215233,3.453440857,,4.749803922,6.092553191,4.945465034,3.046535215,7.33754515,2.352122699,,6.1857182,6.897878732,2.5,4.757062331,4.981643709,2.215720892,5.610204928,2.199731002,,6.346050224,3.957142385,4.071595747,5.279173933,5.528883756,,3.147178296,2.35931166,3.511619857,,3.179790211,7.355814933,20.0,2.522979966
2.770947424,2.100719483,2.482038367,,4.770247934,6.230232558,4.701392067,6.527130229,6.724041123,2.338096117,,3.07667725,5.495650441,2.5,4.715711677,7.713720933,2.285313668,7.898055508,2.189468708,,6.63149465,3.890808076,10.56848686,4.550884862,3.539615677,,3.059095305,2.847972993,3.402219293,,2.241050072,7.76625839,20.0,5.907153517
3.738750559,2.149294227,2.772876109,,4.674683544,5.975285171,6.858945967,3.478776666,6.313636833,2.348993472,,3.725939683,3.271082484,2.5,4.837649086,7.267228467,2.412126894,7.995988983,2.186066663,,3.13140655,3.824473767,4.033307879,3.778799186,6.084221167,,2.535393237,2.995497917,5.420812183,,2.123433344,3.26039635,20.0,5.468388433
3.771689809,2.080340871,7.341492867,,4.968776371,5.850200803,8.846248502,5.1687623,6.4435773,2.33478594,,3.312190526,7.213333283,2.5,4.920148546,9.965420017,2.026695182,8.656264933,2.183456287,,5.373740267,2.009818627,4.845043683,4.247423883,3.602680221,,2.419223759,2.824514783,6.410145362,,4.392470883,5.790036783,20.0,3.452862498
4.27731455,2.2574959,2.112201967,,4.627807487,5.897131148,8.460599595,5.824451242,5.250244233,2.39152424,,2.281601436,3.613126212,2.5,4.701261512,10.02839943,2.045938038,6.375834052,2.237613881,,3.214145379,2.260406414,8.430951405,4.6042924,8.139343698,,2.651134377,3.605028183,6.569458835,,3.361062009,3.341296446,20.0,2.405432783
2.859494449,2.441125417,9.807752533,,4.550406504,5.987124464,8.074950688,2.94761384,5.316966969,2.397946886,,2.099264974,5.077815474,2.5,4.67164133,10.14330395,2.046206167,7.341117783,2.233983757,,3.212555458,4.473409466,4.703818832,4.848935831,6.882131,,2.366370683,2.849838136,6.728772307,,5.33166075,3.356418255,20.0,3.488524356
3.01916515,2.059322833,2.793979335,,4.608284024,6.205639098,7.689301781,5.595230992,5.5596422,2.392246787,,4.87188135,5.119665878,2.5,4.794319146,8.2461987,2.109699315,7.890562867,2.232841841,,2.307576966,5.959557857,5.656220215,4.909579333,6.001859772,,3.862040383,2.393425625,6.88808578,,2.64412425,2.104838552,20.0,2.821048018
2.59919963,2.172206533,2.271712456,,4.57591623,6.25,7.303652875,3.604044344,7.614836133,2.368871265,,3.699483938,6.532128167,2.5,5.170346371,5.478265864,2.227880686,7.1385685,2.203041874,,3.058696509,2.371663943,3.121629751,4.092547833,4.321572633,,2.148771817,3.628243695,7.047399252,,2.580768167,2.788327509,20.0,3.577487136
2.474327283,2.05302725,9.710660817,,4.599086758,6.517716535,10.42205127,7.703173967,5.660927567,2.337400546,,5.884609767,6.087796583,2.5,5.356027774,8.10812085,2.562705892,6.094427082,2.183139699,,2.249060806,2.034714139,12.7724616,3.615880483,7.770023717,,5.152258733,3.26671215,9.16482455,,4.404735833,2.062645356,20.0,2.094149945
2.398951456,2.103389508,9.990860685,,4.544444444,6.580645161,5.506079018,3.757739725,8.845730583,2.369066428,,2.901812083,3.624053458,2.5,4.913877057,9.1398495,6.14392586,4.905626331,2.216460988,,2.510218632,5.2600621,4.656543454,3.961852417,5.223465883,,9.023190267,2.735202383,4.11478439,,2.86776215,2.634850291,20.0,4.604543463
2.618811237,2.042494492,2.502546042,,4.546570397,6.345620438,10.1280986,8.349650067,13.3219255,2.378084814,,2.743769317,4.325872113,2.5,4.821887222,5.394866963,2.853819788,7.6200206,2.209446607,,4.851016867,5.009896335,13.43384685,3.266576,4.738057847,,2.812584327,3.27548395,8.502611583,,3.042202383,4.770909283,20.0,2.606400776
2.156806102,2.494252867,5.459097604,,4.448062016,6.477307692,4.638251383,5.300617938,6.50566855,2.417156968,,4.7970913,8.122302133,2.5,4.856954871,9.784864767,9.09757009,5.619832979,2.252609653,,11.47991517,2.036379848,5.309307563,3.3424126,2.920728391,,2.543889649,5.327297817,3.790862103,,3.038508433,12.39431933,20.0,2.14992095
3.750343985,2.001151117,5.023806966,,4.467965368,6.375390625,4.71804105,4.324442944,5.798103633,2.416496961,,3.134653233,6.456711576,2.5,4.810341309,5.149664707,8.775742627,10.65670605,2.241935148,,6.559287167,2.253024916,4.465197175,4.991637617,3.622660345,,4.041088917,6.091765717,3.953317305,,4.156221367,7.127125426,20.0,2.2537998
4.216372767,2.4207968,2.713318574,,4.738016529,6.598312236,5.0625656,7.183813683,7.867454633,2.398168845,,3.4381907,2.523661913,2.5,4.535035105,8.877984767,9.19345991,7.598820217,2.224917466,,3.421328671,3.500626195,12.1750774,3.670135783,3.252340172,,3.607053596,3.8127328,4.228584383,,2.906425831,3.24039332,20.0,3.0358177
3.908633373,2.217581967,4.498124533,,4.564,6.364143426,6.565711944,5.368321527,6.3984915,2.312862061,,3.462357967,5.25597502,2.5,4.510518645,5.931100717,2.372012825,7.142017772,2.155822721,,2.098233535,3.279938691,9.837861375,2.704263747,3.298421982,,5.469710867,2.957313667,5.233202643,,3.938936483,2.008056295,20.0,2.5435089
2.447703898,2.093273333,6.810214701,,4.554850746,6.497154472,5.774822133,5.317487967,9.87446125,2.300854469,,4.9473922,7.122887796,2.5,4.043060801,5.072680428,9.045984112,6.189938153,2.173658541,,7.188159417,2.243199044,4.82916805,4.163900517,4.006319276,,5.744978653,2.95961755,4.989246881,,5.150079533,8.199009933,2.073,4.873696619
4.413674069,2.208378667,7.500767421,,4.633466135,6.680078125,5.5364136,5.901833669,9.803377597,2.329965732,,3.017335373,7.303085967,2.5,4.022727699,3.567214143,8.240025933,10.60140147,2.194205126,,8.5474807,5.0113568,6.790248274,2.138594571,4.599054207,,3.426456692,4.420807467,4.789596683,,6.029479317,9.19332955,2.125862069,3.6703226
2.126300625,2.131706183,2.688288583,,4.528217822,6.53800738,7.688713647,6.871988345,5.158960616,2.355360149,,4.627247467,6.621716883,2.5,4.583520786,7.026717007,8.082587063,7.591049283,2.214067325,,7.033814917,3.838907512,9.682003,3.418719883,3.598798034,,6.7102797,2.374746717,6.846060423,,7.798938883,6.385634223,2.056842105,3.031535383
2.347076467,2.051100217,12.3361932,,4.45254902,6.574137931,2.456072465,6.345636278,10.19911062,2.331163448,,5.723114317,6.952991083,2.5,4.60827289,10.63086253,8.049019371,6.907400867,2.191076371,,3.056767968,4.364852066,8.57153758,3.284622271,3.202322633,,6.041995902,2.729522633,2.088937133,,2.675864767,3.226959207,2.034117647,4.05331225
2.93350455,2.214671983,2.602551865,,4.389528796,6.556521739,3.155251201,5.805178333,8.449146823,2.355626575,,6.7168673,10.49367303,2.5,4.16309783,10.35767848,8.178024676,3.611226183,2.215008182,,2.491402717,2.120757481,6.246080567,4.1653714,3.800828133,,3.540052207,2.846308767,2.688003442,,2.778271517,2.577471592,2.037692308,5.807305235
2.603370481,2.382815367,11.42472025,,4.453603604,6.677142857,3.854429936,7.48448815,6.9568156,2.3568131,,8.73483665,12.59630733,2.5,4.141146637,10.1534074,8.3962509,5.906530667,2.214474074,,4.021459877,6.172924233,13.44837595,3.922319931,3.732546,,2.6066587,4.645096317,3.28706975,,10.82563979,4.029889916,2.068571429,2.580230414
4.967727417,2.131127333,2.070925712,,4.680701754,7.165873016,4.553608672,8.232348,5.1244701,2.385867985,,2.842075733,8.073445783,2.5,4.289441043,7.0433743,8.672981667,5.272755617,2.19057928,,2.330746352,2.070953091,15.11432917,2.989091233,4.123311783,,3.778724707,4.790509033,3.886136058,,2.8530079,2.077073647,2.055,2.119856033
2.779531783,2.146192183,5.6213598,,4.612182741,7.013513514,5.252787408,7.994762633,6.281141948,2.388860593,,2.88737395,6.538345035,2.5,4.285579178,9.7040876,12.00367807,5.516245467,2.200719547,,4.514503017,6.032247237,16.2266625,3.201059966,4.107502373,,5.804432035,2.311735468,4.485202367,,9.419540517,4.560450415,2.001666667,2.488394717
5.238704576,2.470257917,2.147705279,,4.41,6.710638298,5.951966144,7.121501167,8.870603433,2.421050401,,11.29229345,6.242734717,2.5,4.206512059,6.338798232,13.14251434,5.854774298,2.200839277,,4.15049695,3.389993217,11.86958168,2.48584305,4.115599043,,3.036285817,2.558466361,5.084268675,,5.632352567,3.797295288,2.0075,2.361265957
4.7302102,2.207649337,8.135020663,,4.330232558,6.6628,6.65114488,7.839255717,6.093001883,2.423562311,,2.942360767,8.624260483,2.5,4.613230249,5.565963852,13.00416501,6.231786322,2.220591227,,5.7203981,4.423852793,11.79586633,2.767931924,2.620623637,,3.985539367,2.434543158,5.683334983,,2.950070533,5.1316875,2.007358491,3.9418012
3.21944015,2.256250578,2.787191715,,4.250549451,6.768774704,6.51497705,8.20064705,5.454113633,2.383608004,,9.6513338,2.391315294,2.5,4.568634256,8.983720542,10.90039906,5.904598917,2.228155013,,3.423831683,2.039704086,14.72580822,3.032094217,2.907353811,,3.261114596,2.529274404,5.466526883,,9.810504833,3.5005735,2.182142857,2.425481817
2.362478419,2.211344033,3.734680583,,4.150980392,6.043243243,4.68100046,7.03311215,8.595497167,2.290044982,,5.95360275,4.3964311,2.5,4.717001756,7.588931222,10.89146633,5.4396806,2.156696695,,2.033062665,2.786214381,9.838170883,2.768277317,3.481195699,,4.851224676,2.985883952,3.730976408,,9.62742305,4.371834463,2.428181818,4.213475948
4.311489847,2.824649183,3.849030769,,4.266842105,6.54,4.3628935,7.128230467,5.22557269,2.346023815,,3.00312265,4.739674117,2.5,4.893835103,5.966338308,13.12312262,5.919375583,2.217862092,,2.162286649,2.628186049,12.51469493,3.261308517,3.12452088,,2.837660327,2.649067602,3.587888318,,5.165290217,2.51964,2.395714286,5.694832259
6.352189915,2.451873667,3.71891045,,4.371428571,6.84556962,5.655744936,7.381366367,5.076814273,2.34671939,,9.551145917,5.610208183,2.5,4.794142885,6.97873214,13.32779039,6.142793617,2.209515503,,4.320814917,2.704694158,12.57714563,2.715746333,5.750941814,,2.360296744,2.6832829,5.113288034,,2.5220244,7.589551731,2.232783505,4.177039083
4.534345833,3.436846509,2.044200238,,4.350574713,6.668811881,3.763620845,3.97145073,3.441694744,2.392233972,,9.11941605,8.479863067,2.5,4.259192797,7.454457441,12.6845182,3.334363207,2.235646771,,2.278772569,2.793617883,6.184800031,2.893798017,4.429163767,,2.832936627,2.44108555,3.507176105,,2.222534933,2.58930222,2.267894737,3.123819971
2.110482396,2.3717198,4.082424467,,4.340196078,6.718478261,6.179447661,6.602201333,6.626255325,2.364094364,,5.613941466,8.876230783,2.5,4.289826738,5.899018,12.2770006,6.359748183,2.216522318,,2.09797907,2.792630607,12.47465257,3.10035025,4.623054847,,2.708571436,3.395949233,5.171652467,,2.782437,2.069340143,2.759918033,2.457755224
7.400461317,5.753744233,3.6115695,,4.633179724,6.756048387,5.306898567,7.454649017,4.36757915,2.425367324,,2.713056167,3.063676295,2.5,4.505371855,5.477271647,12.79333613,6.486963467,2.264909718,,2.38877955,2.608135193,15.399894,2.912427933,3.122034033,,4.40094335,2.348817,4.871946,,2.7312787,4.608569441,2.885849057,2.818343678
3.38918095,5.977069265,2.196724655,,4.691509434,7.469847328,4.198341695,3.358136637,4.375983636,2.352261396,,2.426969533,5.300957206,2.5,4.573179273,6.916571158,12.95635743,5.94796731,2.212790932,,7.983357415,2.302534813,5.904612062,3.796758833,3.901639633,,2.905600983,2.434040667,3.502120017,,2.312345217,6.87112595,2.845581395,6.975402083
5.20875614,6.200394297,3.724101153,,4.571818182,7.712121212,5.188213339,6.778228817,4.9150545,2.417826496,,3.091351783,4.844689249,2.5,4.595386648,5.568260579,9.814785404,4.672678236,2.21739325,,2.527408525,3.32350275,7.091648617,3.201821968,4.7533976,,2.658340647,2.200788033,4.37018187,,4.961305244,2.876312151,2.76184466,5.497796193
7.377555847,6.423719329,2.770607772,,4.59902439,7.850740741,4.876414667,6.359393133,4.67204878,2.353202189,,2.803039567,4.829305934,2.5,4.946514596,4.41231231,13.48749294,4.823527741,2.195861414,,2.288957733,5.569813367,6.628369483,4.047405367,4.361087017,,2.987649732,2.624972452,4.629947123,,3.2209138,2.461048689,2.230793651,2.685364765
2.411336997,,5.198037831,,4.076271186,7.729962547,5.075636117,6.02656717,5.463883283,2.286033949,,2.533411117,6.199592266,2.5,5.02110113,5.834253524,13.87266737,5.178802785,2.16121309,,4.2356591,3.154947278,10.89242764,4.899643083,4.3496744,,2.863774667,2.6884588,4.442231102,,8.253038583,3.51765315,2.488157895,4.4151872
3.621691281,,9.426993567,,4.074537037,7.724313725,2.155561157,8.230247559,4.899481441,2.278267693,,4.866056976,5.221728514,2.5,5.389149871,6.007017685,11.04696081,4.17741268,2.164214452,,7.3065568,5.625150667,14.75446731,3.621073483,3.929268083,,3.470310754,3.851702233,2.092693152,,2.205207567,8.768406317,2.191129032,3.894222136
2.177326353,,4.386715051,,4.057835821,7.646206897,3.618657706,5.596963417,5.516863034,2.320264646,,3.327400017,3.398963317,2.5,4.433747515,5.568348917,8.3537962,7.33101778,2.190837502,,2.432216317,6.480327233,4.560726492,2.862712267,2.302692097,,2.662254466,5.998832667,3.517306199,,4.730378505,8.4380299,2.279655172,5.639172915
4.071887884,,10.09721912,,4.174545455,7.850729927,3.454815998,7.840276033,5.070410462,2.319488899,,8.5720445,4.8919362,2.5,4.338479809,5.710671415,7.554203643,6.548952567,2.208563843,,2.394958083,2.651770088,13.474402,4.513877815,4.320612559,,3.919905053,2.116083452,3.381285173,,2.363617133,7.3111713,2.733125,7.407084606
5.8857181,,12.28730957,,5.672137405,9.380487805,3.954853322,7.000973271,5.6094247,2.294900429,,2.391239583,5.97231515,2.5,3.861982438,9.91650915,10.31423778,6.607392322,2.183992618,,3.44887986,2.26269026,8.084638847,2.654543729,5.178653058,,2.67571092,5.437200431,3.72287355,,4.038812717,8.652572683,2.434153846,2.205419249
3.256584709,,2.142245121,,3.144392523,6.980392157,6.327830267,7.874525424,4.381751767,2.259952455,,5.307147569,3.037289625,2.5,3.940584143,5.760671093,8.358479477,5.449734767,2.15341793,,7.760953417,4.940402583,13.23419217,3.756700305,4.670589593,,3.588647579,5.057656067,5.677028475,,3.703969114,6.573111763,2.457708333,3.752107367
2.128314321,,3.618108933,,4.403883495,7.89245283,2.037364404,6.910608917,4.588034414,2.22406288,,2.520364467,4.457391667,2.5,4.023383144,7.346813967,11.17042993,5.786017617,2.107378183,,7.4714766,5.344030294,8.740464483,2.73716526,4.318136164,,2.746552814,3.017641517,2.035610564,,7.604236833,10.45911413,2.305409836,2.786173871
2.196621627,,2.645304621,,4.442916667,7.747876448,2.104388254,5.948288283,4.62913305,2.259821004,,4.435990783,4.486207217,2.5,3.714607927,10.21042427,10.46509897,7.3033627,2.129329143,,6.5206427,2.656480917,7.3109298,2.022882421,8.234515803,,2.789701,5.375118017,2.103023141,,2.4696945,4.778654433,2.801596639,3.906296134
6.8024351,,4.31673425,,4.791237113,8.659401709,2.171412105,6.5224008,4.566287534,2.23180854,,3.885554204,2.666085998,2.5,3.705503173,5.62119983,10.92982381,6.793288383,2.138856692,,7.769420483,5.396759417,8.371767717,5.199120417,6.035459618,,2.919925246,2.409579358,2.170435717,,2.545287407,5.894921317,2.557029703,6.098464864
3.793804183,,8.936882736,,4.946640316,8.527705628,2.238435955,5.688859267,6.992073666,2.224777963,,8.0699514,3.9970175,2.5,3.513377893,2.153896983,10.14864083,6.422004567,2.136535267,,6.174936421,2.831573293,6.27812775,4.0549491,4.209332526,,2.631108317,6.438935533,2.237848294,,2.456841899,4.313090167,2.60443609,3.610884847
7.790413667,,3.702072237,,4.646696035,8.424358974,2.305459806,3.819201067,4.301231864,2.26074519,,2.804545517,4.411807643,2.5,3.664940986,5.11082952,14.57048006,2.016556248,2.178803246,,8.88397505,5.549568203,2.983977441,3.21208015,5.816675983,,6.073571171,7.317682133,2.30526087,,2.59027525,5.29953315,2.40877551,2.544841964
3.823128058,,9.240510667,,4.758167331,8.661111111,2.372483656,6.746820119,7.32840368,2.2822907,,2.135446467,4.72836225,2.5,3.736752376,11.12433492,15.04406053,6.321618283,2.198566992,,4.31537875,4.022876237,7.5629343,4.25727785,3.920181237,,3.306808593,4.683871667,2.372673447,,8.854361483,6.817215702,2.562857143,7.100835083
2.01501965,,3.798597948,,4.43622449,8.291566265,2.439507507,3.724449574,4.40828861,2.273410132,,2.607989525,6.70291075,2.5,3.82779444,4.444095256,14.07863993,3.494921754,2.195433687,,5.27743435,3.669337853,2.706418527,4.55308175,3.828161243,,6.461808232,5.2007594,2.440086024,,2.022807949,3.002980867,2.734567901,2.413176827
5.623327254,,9.304660967,,4.624418605,8.256343284,2.506531357,5.105723483,7.912139933,2.226100722,,2.723756919,2.350137355,2.5,3.835156942,9.253312017,10.50802768,6.310317864,2.158456659,,5.313386917,5.65167315,4.194151433,4.22419395,4.029115467,,2.775252679,4.547311867,2.5074986,,3.534122983,8.226035069,2.53483871,4.003688983
3.056736533,,6.364145017,,4.9,8.537190083,2.573555208,3.615143241,4.992901936,2.186370479,,2.834177783,9.37292375,2.5,4.092250431,10.39489058,7.52544075,7.338490465,2.120000615,,4.7805586,4.291559033,2.576414241,3.199232433,5.824844967,,6.251674627,2.376076567,2.574911177,,8.228906483,2.883882923,2.222962963,7.88706861
2.021994641,,2.883254131,,5.101149425,8.402597403,2.640579058,4.7969625,7.97248975,2.247560493,,8.971034767,4.563456362,2.5,4.061597893,8.574096657,15.67727385,6.526810814,2.024288273,,6.200047067,2.446154172,3.809369367,4.998515333,9.538150217,,3.554277714,2.287002817,2.642323754,,2.16013125,9.285272833,2.393898305,3.673448386
6.526218483,,9.043201617,,4.661038961,7.420192308,2.707602909,5.017035333,5.729793326,2.424186749,,2.231815183,8.060554611,2.5,4.077583494,8.981099508,19.45691846,6.35183905,2.038198147,,2.9249137,2.617082815,4.049639033,3.413739651,4.004066052,,6.1273606,3.45810565,2.70973633,,5.213406717,4.121773183,2.087471264,2.306457375
7.4567706,,4.700281569,,4.567330677,6.779661017,2.774626759,4.144658217,8.622776933,2.348952042,,3.678588517,8.117128567,2.5,4.066797149,7.954773633,19.65999354,11.72345098,2.037386306,,7.447827431,2.387459697,3.1822421,3.242571096,3.557610876,,4.348680995,3.3602286,2.777148907,,11.63578398,2.293137071,2.807777778,5.539954051
2.544389718,,5.33659375,,4.868695652,7.813360324,2.84165061,4.2238129,4.070072311,2.314511389,,2.09021225,5.149161733,2.5,4.385182397,7.189056833,19.5623033,8.926551998,2.02446519,,2.814460454,3.182564712,3.226610033,3.60826795,7.677232633,,6.304236883,2.842592533,2.844561483,,4.384175967,10.880847,2.593309859,2.070348083
2.188288303,,3.620605633,,4.341921397,7.146323529,2.90867446,4.58975045,5.6939594,2.234982402,,8.02927775,3.072333761,2.5,3.985370435,8.051353724,19.56127054,6.341890763,2.130858237,,8.376797833,2.621358605,3.81246835,2.644230428,6.53050361,,3.412962681,3.481156733,2.91197406,,2.078533083,11.0064025,2.19972973,2.0645854
2.861699917,,3.09060855,,4.943220339,7.867474048,2.975698311,2.478063467,2.536670913,2.366235345,,2.3666064,8.708691667,2.5,4.031388734,6.090702596,5.836709704,7.30883178,2.088431633,,5.509011983,2.636151167,8.771351367,2.512016367,6.310368455,,4.1736292,2.6527386,2.979386637,,7.968299656,2.297560379,2.111612903,3.5221048
2.206810217,,4.953476084,,4.823809524,7.763829787,3.042722161,2.640245991,7.2067508,2.381707782,,5.203870733,4.898118653,2.5,4.579378969,11.03070067,18.19637845,6.06652378,2.114826075,,2.332876317,9.364885158,8.352134864,2.35583915,8.314507641,,2.267337263,2.5531321,3.046799213,,8.053237483,2.983517943,2.298125,2.358463983
3.324040267,,2.895366143,,4.721004566,7.61790393,3.109746012,3.947906046,6.17633375,2.298041882,,11.14209623,10.37469803,2.5,3.708121583,6.548437966,11.19918361,5.381244334,2.132129653,,10.09084257,3.793873317,3.036712025,2.984468207,4.36586925,,4.638879183,3.967468983,3.11421179,,8.684939867,6.633445033,2.646511628,2.510269639
2.517553085,,2.740291875,,4.645414847,8.126377953,3.176769862,5.110736517,7.191007833,2.25945924,,2.242299367,11.7013388,2.5,4.563906137,10.43700492,14.0850269,6.18354715,2.02373855,,10.69333298,2.054884744,4.171596467,2.014893596,5.673696933,,4.119910483,2.518824867,3.181624367,,7.3516895,3.204957169,2.26,6.275246183
2.151064807,,4.837497398,,5.202542373,8.571111111,3.243793713,5.06637534,4.720814672,2.297158549,,4.4447739,7.657059767,2.5,4.606824001,7.663842517,13.51371088,8.536794867,2.024736636,,2.216962475,2.14830895,4.127097912,2.502903917,4.385023744,,4.463151883,5.380283233,3.249036943,,2.390861967,2.103832267,2.45304878,7.8319013
5.0662304,,2.081957684,,9.205732484,9.982779456,3.310817563,2.482429467,3.821052612,2.436156004,,2.32343545,8.307810733,2.5,4.656631727,6.482236195,18.85367088,14.461159,2.131647873,,2.745776724,6.14005159,8.30850115,2.867990217,11.31692524,,2.596248291,2.446118683,3.31644952,,10.80697737,3.7369156,2.4684,2.691015461
5.51355305,,10.93414102,,4.678431373,8.098770492,3.377841414,4.490665983,5.062040967,2.818594555,,7.980426112,7.646392717,2.5,3.915909943,9.2154184,17.56383438,5.545442133,2.268434613,,6.339771133,6.431487333,3.539064967,3.141809267,2.847692818,,2.654442119,2.604600186,3.383862096,,2.885196517,4.034998135,2.127307692,2.238588218
2.198248458,,2.181393879,,6.27398374,9.223344948,3.444865264,4.443399667,6.434867317,2.344949809,,7.906226367,4.242699833,2.5,3.907267809,6.49050065,13.56169817,5.107249821,2.220700032,,2.924111055,6.343320833,3.281621643,5.222075733,5.36549385,,3.445386383,3.4687915,3.451274673,,3.367992067,3.875209983,2.675655738,2.153257983
3.374065267,,10.66215097,,4.164315353,7.902197802,3.511889115,4.7550837,5.8471633,2.307151841,,8.40748595,4.315007783,2.5,4.071884375,6.221475793,18.7048724,11.87997,2.307387401,,2.049811241,2.357531519,3.527963733,4.023798817,4.767767206,,3.187480056,2.405191508,3.51868725,,3.060212417,3.787219053,2.785655738,3.074370683
4.668078267,,5.464706472,,4.549803922,8.519140625,3.578912965,4.389203883,5.36320455,2.230098389,,7.302287583,5.879862117,2.5,4.193393784,6.160081125,13.12191375,9.4685274,2.478881645,,3.591558233,5.241059949,3.255961567,3.118006083,3.491151033,,3.160412585,2.760095335,3.586099826,,2.022375197,7.514835367,2.457931034,2.765800569
5.954823667,,2.80790319,,3.846753247,7.633088235,3.645936816,4.189435305,4.131872763,2.296330249,,2.6282975,5.818843133,2.5,4.168925797,8.595676267,13.21446677,8.041668423,2.328464448,,3.21925993,2.187661117,3.594248668,6.863612628,4.800154933,,2.331439704,4.703081083,3.653512403,,8.14891385,5.859877533,2.860973451,2.638075909
3.898177683,,8.612083288,,4.692070485,8.524418605,3.712960666,4.81572535,4.078399983,2.279574814,,10.30661405,4.89968745,2.5,4.183916237,7.112152145,13.20161921,12.29224352,2.298813422,,3.121376091,3.497294582,4.001981467,2.684911367,8.440594033,,2.293577672,5.65216005,3.720924979,,2.440377557,7.640839879,2.608142857,3.51455665
5.948228383,,2.1976968,,4.15,7.940501792,3.779984517,5.250801033,5.983525683,2.297121018,,3.0321094,5.823018167,2.5,4.186257286,7.731682683,13.31611515,6.297473746,2.143883106,,3.078238783,4.178584502,4.34072055,2.009544417,10.18525393,,3.542370569,2.126414979,3.788337556,,2.868546767,10.4345163,3.484294872,2.183849244
2.002604237,,2.345157684,,3.984782609,7.760150376,3.847008367,2.789923367,3.961052407,2.31386072,,3.657345233,4.850244133,2.5,4.19947352,12.11820633,13.22708765,8.316587383,2.038354243,,6.59236675,5.286378067,9.593268933,3.064800967,9.195438133,,2.021128,6.855557233,3.855750133,,6.05441525,3.677837776,2.668984375,2.003535269
3.9914665,,2.915474919,,9.766987179,11.80152439,3.914032218,3.946636267,4.362967567,2.336086633,,3.218319117,4.582085333,2.5,4.090287613,6.30354,13.07917222,6.025793341,2.225075688,,5.851492633,3.922436333,3.770215179,3.193421967,7.550968783,,2.203003807,4.463641267,3.923162709,,3.701396983,5.45431786,3.5396,6.061394983
4.206110667,,2.005605021,,11.24321767,11.69520958,3.981056068,6.7820063,4.638115169,2.132934601,,7.918904983,6.577485288,2.5,3.823675811,6.739510441,19.11677101,15.39094395,2.285876096,,7.146684552,2.421167719,7.833683933,2.348640508,6.075637068,,2.577337259,5.523505644,3.990575286,,4.692670867,2.043130228,2.981100917,2.622808885
4.125048836,,5.893356094,,7.088421053,9.679359431,4.048079919,5.572420267,9.246753167,2.320124673,,2.584536205,4.489728983,2.5,3.465324623,6.073503963,19.4523908,3.913070325,2.207331044,,8.913190267,4.070502375,4.68197385,2.843086501,2.304909843,,5.663678424,2.89736215,4.057987863,,2.248777291,2.277051321,3.668284024,2.266242169
3.230886949,,8.018216883,,5.922826087,9.110756972,4.115103769,6.309319317,4.34008335,2.278258996,,3.012099817,9.139739583,2.5,3.673118319,3.667462843,19.63025103,7.798222667,2.223187827,,3.176889202,4.4018831,7.357375933,3.020514833,6.186748767,,2.133991982,5.0223264,4.125400439,,3.786048383,8.655495061,4.016979167,3.1266625
3.90730005,,5.572371067,,5.197107438,8.664552239,4.18212762,5.609527467,5.300348983,2.310713041,,6.405612283,4.525872117,2.5,3.612068284,6.372987106,19.56604659,6.506837433,2.108552276,,4.98776489,2.6365352,4.545842452,3.072018083,5.360400567,,3.421009932,5.17083715,4.192813016,,7.291078783,2.129985055,4.651902174,6.20278355
3.15700615,,2.866911051,,4.827027027,8.405109489,4.24915147,3.950428482,2.398902217,2.251594193,,4.136789133,4.893994576,2.5,3.745815952,6.455499942,19.38516923,5.969221933,2.156749956,,2.027347833,2.2839218,5.353149183,3.084452492,6.560204417,,3.229077834,3.943240448,4.260225592,,4.962593317,9.323561817,3.853186275,2.4418501
3.625172533,,3.758677654,,5.236567164,8.721235521,4.316175321,5.568729593,7.882329717,2.3023576,,4.8598786,6.070326783,2.5,3.745685212,4.070509872,19.48806804,6.4685768,2.014996194,,2.225947383,2.839946136,4.289440663,3.344106244,7.13203515,,3.480436213,3.083083533,4.327638169,,4.008836288,4.75291868,2.654153846,2.280116157
2.081146685,,6.239230483,,5.213852814,8.822692308,4.383199171,7.974263893,8.206161717,2.377235141,,2.106781051,2.947045199,2.5,3.750497761,7.035757897,19.510861,11.78777413,2.078344483,,8.182095128,3.58988297,5.176788305,2.520967067,5.448568325,,4.675332831,3.350295717,4.395050746,,4.579995983,5.272808633,2.528235294,6.92996285
2.453187119,,3.444920763,,5.320987654,8.93015873,4.450223022,9.6828597,6.714215367,2.33277826,,3.98490425,3.311887684,2.5,3.573718358,9.131458367,19.77846323,14.11240892,2.164525881,,2.28598499,3.284868616,10.00709284,2.873075428,5.3446934,,2.725622237,5.111510252,4.462463322,,3.630076369,7.850405383,2.376885246,4.96576075
2.801562817,,2.7434741,,5.341984733,8.674144487,4.517246872,4.285855867,5.727778,2.39061207,,7.994235467,8.0078216,2.5,3.316668943,6.685949825,19.47997105,13.20847317,2.245717309,,9.271168633,2.48956781,13.99083133,2.600464833,5.832960183,,5.192682417,2.68596235,4.529875899,,3.32468815,6.679695754,2.453043478,5.373053883
3.071685667,,3.695016828,,5.247265625,8.244,4.584270723,3.963973903,5.752500417,2.446390293,,5.080551733,9.68839895,2.5,3.351942627,6.39081583,19.56773343,7.813636733,2.20001527,,4.6014451,2.142532942,3.853187672,3.220228379,5.578570383,,3.506972271,3.925586966,4.597288476,,6.1855855,4.900971927,2.631165049,4.977102876
3.985999702,,3.448650177,,6.267883212,7.00942623,4.651294573,7.007314,4.925200333,2.367896722,,4.309361617,11.33100045,2.5,3.517005004,6.225790786,20.27620931,6.932030517,2.130289286,,4.71486885,2.281099483,5.163495186,2.844035667,7.128675133,,3.113433433,3.279442367,4.664701052,,10.95003483,4.169101316,2.801651376,4.095241517
3.57184475,,6.07683513,,5.473303167,7.327947598,4.718318424,5.553134254,4.931825982,2.315566894,,4.709384017,3.258232296,2.5,3.558574066,6.474945927,14.12120318,2.650632294,2.087608544,,7.27595455,4.433707588,9.603842767,2.836092817,5.176923583,,2.036999941,3.739029467,4.732113629,,15.9081372,4.563311467,2.570638298,2.426672729
2.880947001,,2.831025167,,5.70530303,7.705882353,4.785342274,8.544173313,4.756662717,2.280707675,,3.720635078,7.769908017,2.5,3.647364359,6.050865281,19.85258137,7.720248533,2.164265657,,5.999643333,6.580570117,5.160757233,3.51809765,3.966718417,,2.835450167,2.542536,4.799526205,,3.615567,4.986562417,3.096915888,4.045538915
4.038690764,,2.172692948,,5.18875,7.141908714,4.852366124,5.63646245,3.566334653,2.284015703,,3.412115817,9.309581373,2.5,3.596549314,6.311987702,14.06104183,6.5778247,2.327341254,,4.38933775,2.705267052,12.38852125,3.841934617,4.562098333,,2.069072966,3.831219183,4.866938782,,4.256325767,2.127474506,2.905157895,2.403853367
4.148308617,,2.213401089,,5.585658915,7.53800738,4.919389975,4.563396832,5.696583564,2.313724579,,6.310149417,5.446371883,2.5,3.606400001,6.401522709,13.39039,8.170790885,2.445597057,,3.722993617,6.775319367,6.2404196,2.00929086,5.49194105,,2.091938075,3.200898817,4.934351359,,3.827943983,2.025083745,2.947,4.773709233
2.739796877,,2.511242217,,5.44,7.524820144,4.986413825,6.7025988,5.674675407,2.354538779,,10.06242478,8.692927583,2.5,3.863241893,7.256039593,13.72626939,8.775975233,2.362582139,,4.416643534,2.007084927,6.412120754,2.988816267,6.294673167,,2.118902455,3.372485453,5.001763935,,8.207488667,10.37046158,2.682941176,2.700912102
2.882443376,,5.445820123,,8.733653846,8.384337349,5.053437676,6.473914847,4.65256425,2.45630455,,13.74579065,9.230295533,2.5,3.825591034,8.924977983,12.14181433,6.756668953,2.250501546,,4.970353398,3.637617183,7.981546033,2.524480413,3.513876125,,2.298406783,2.305814028,5.069176512,,10.19784161,10.39021607,2.762150538,3.351145193
2.174940228,,9.213449517,,5.194029851,6.809482759,5.120461526,10.1341585,4.67631025,2.375399965,,3.7120584,7.276515936,2.5,3.896688178,6.529552482,12.22198663,2.445302203,2.33894425,,9.33954325,3.824923415,8.286155458,2.94646009,2.595026299,,2.004551034,2.780347283,5.136589089,,3.870303432,3.505702032,2.919493671,4.121780617
4.549676835,,3.0898445,,5.169827586,7.031428571,5.187485377,6.026006606,5.707598167,2.355989265,,4.320947083,5.83372945,2.5,3.864883596,10.21346047,12.30033432,6.767805283,2.279780006,,9.789670717,2.52663445,13.31517583,3.086948783,3.356700519,,2.697438964,2.75891515,5.204001665,,3.59023445,5.711910845,2.896071429,3.790708552
4.327632933,,10.50734895,,5.263551402,7.219909502,5.3018467,3.880942637,5.063859828,2.372893298,,4.017304317,6.335087767,2.5,3.930778722,9.51179145,12.55161493,7.546018833,2.329915319,,3.960458714,6.967525633,7.610671272,3.307213322,5.610425367,,2.049311536,3.723977667,4.892489607,,6.158638567,5.357482339,2.811325301,2.493443438
3.527226033,,5.1381782,,5.062780269,7.008677686,4.495406559,11.51822982,3.9150224,2.471115029,,7.81434775,9.442864995,2.5,3.880194274,6.763508467,12.25440716,6.819648567,2.441277373,,5.498312467,6.903122633,3.437832314,2.415893495,2.245456758,,2.0195181,3.141917833,4.197417733,,3.342859,3.908863283,2.719466667,2.593651179
4.045347367,,3.58570859,,5.38071066,7.541176471,4.998173517,5.705429133,4.735534967,2.441216077,,10.42678815,5.61114945,2.5,3.725263825,6.410825327,12.76089701,9.240396617,2.447671931,,5.235027644,5.97047361,16.38747158,3.044108433,2.955324279,,2.020872,2.43331895,4.710798783,,4.166006878,5.435073873,2.78328125,2.14074774
4.079158433,,3.1510809,,5.347580645,7.671314741,5.421227615,4.614488133,4.6991905,2.364624739,,4.246830156,7.544325763,2.5,3.507782539,8.293854898,13.11858133,6.404287617,2.392170275,,4.331290833,2.932922846,5.402348983,2.221612715,6.066837283,,2.373675667,2.978391617,4.861762356,,4.997711167,4.538228488,2.797272727,5.257584517
3.042419607,,10.71380902,,5.371314741,7.685123967,5.098105153,5.11288785,5.388840767,2.319728867,,4.142311467,6.134279383,2.5,3.498409816,8.254548678,12.46075589,5.80078595,2.442271003,,5.179143267,2.403724684,3.91945735,2.859779483,6.582638267,,2.043380784,3.194702617,4.563560983,,3.618213817,10.53206248,2.591914894,2.798495983
4.35664345,,10.72294085,,7.412323944,8.532986111,4.9218125,5.6363396,5.078464733,2.482699759,,6.8209538,6.73305085,2.5,3.401592542,6.866394175,12.93853119,6.010087317,2.486588165,,2.096700352,2.382100017,4.93276695,3.274173983,4.163124267,,2.055092434,3.16917555,4.334654217,,3.826287683,2.620706862,2.413548387,2.166592618
3.536345017,,9.0385088,,5.246280992,7.677272727,5.11731965,5.242341183,5.066893322,2.483522356,,3.6205877,5.2996619,2.5,3.668368091,8.859508509,19.69389226,6.61204955,2.32753246,,5.163477432,3.672732179,7.37535445,3.32489235,3.068832862,,2.401755932,3.051064603,4.55216665,,5.274456153,8.080852644,2.821506849,2.088845689
4.507553202,,3.698901264,,5.460180995,7.769565217,7.30398745,5.38934675,4.990281322,2.373736683,,4.444249814,7.1950486,2.5,3.707420734,7.0684576,13.65322493,6.87230735,2.324183994,,9.98920375,2.694266157,5.249439133,3.48878813,6.054891328,,2.324943636,3.096046068,6.44373735,,3.687114,4.35695405,2.510714286,2.261883728
2.184668906,,2.834847169,,5.330373832,7.717391304,5.800648814,5.547989617,6.031895083,2.448455632,,5.577317683,6.33220205,2.5,3.679913508,6.831240054,13.01400653,3.88994266,2.299525818,,2.545315633,2.779534069,4.12112765,3.110935051,2.825803645,,2.237659268,3.3210029,5.391275083,,2.547810011,4.089884514,2.017619048,2.46719417
3.396107017,,2.119917068,,5.501932367,7.810984848,2.529991344,6.198659661,5.448593083,2.469935883,,3.719023783,6.519872132,2.5,3.779177966,8.733113881,13.86217988,3.133344323,2.567232745,,7.555911033,6.5532682,5.411423417,2.524258207,6.602215932,,2.007399492,2.434908734,2.274376236,,3.917544867,2.877003175,2.08,2.832323817
2.520762444,,3.405683017,,5.170852018,7.3708,6.13248265,6.417259583,5.433448167,2.761705105,,4.263869533,2.008407122,2.5,3.889865261,7.385464893,14.59929273,4.411202395,2.469158539,,4.298130983,4.63704145,8.218168661,2.573090443,3.427307426,,2.30896373,2.8935689,5.580348917,,12.3478895,3.043327618,2.04,2.5383567
2.834812,,5.8435421,,5.434703196,7.758490566,5.580994931,6.20641475,4.975195517,2.624534607,,6.223733661,4.515734639,2.5,3.883570249,6.383350643,13.88223977,2.105527277,2.489880935,,4.157602377,4.291804678,7.034836033,3.456352983,3.929368379,,2.371228691,3.137162496,4.982002586,,12.37402767,11.95139298,2.111818182,6.080571283
2.294837458,,3.854777003,,8.875483871,8.442857143,5.11295055,3.456502003,5.155345817,2.824702057,,3.864266783,5.3347609,2.5,3.906662848,6.486464083,15.24233886,6.510786315,2.382879176,,2.762515746,3.554082569,6.758395067,4.413650483,4.290523717,,2.0418477,3.417544817,4.0404842,,5.353021867,2.50879965,2.741538462,6.123023417
7.087120066,,2.445606397,,10.49542683,10.72447761,10.12179408,6.186452633,4.929821767,2.207675256,,2.581461826,5.806862083,2.5,3.927861377,6.613424567,13.77900638,2.904415676,2.310618526,,2.97771969,4.300527797,3.970540244,3.3260011,3.490572393,,2.261160056,5.398177717,9.592490183,,5.06917565,2.470138881,2.08,4.926276133
2.087101679,,12.22410513,,10.7878882,12.19941349,5.757811667,5.948192883,4.918613617,2.092434308,,4.49858255,7.5418832,2.5,3.877591427,6.674820241,13.78340976,4.1810163,2.176497312,,10.8579872,2.359039655,7.478587733,3.566487667,5.057913633,,3.144038267,3.062737983,5.169929667,,3.4777732,2.177136279,2.2,2.954721583
3.449005966,,8.20979215,,8.681012658,8.985285285,6.886949883,6.763094867,5.895851708,2.287579442,,12.0738245,6.380107317,2.5,3.885011478,8.059694333,12.92850181,7.667272767,2.224977327,,2.796752617,3.3977684,6.523544333,3.269072533,5.6132344,,2.14213498,2.692906335,6.681324683,,3.193519491,2.95086455,2.18,2.52297735
2.107065455,,7.752024379,,8.265359477,7.693146417,7.076234268,7.622233051,4.937628534,2.29370595,,11.71824617,5.950480117,2.5,3.677534057,10.90046595,21.04489878,6.8765904,2.14598334,,2.532736586,2.1230898,8.766170283,3.033983667,3.681400085,,2.039780644,3.080799898,6.268153228,,8.375865,6.329040433,2.14,2.954821135
3.672718739,,5.646142431,,5.347933884,7.276422764,3.135800915,6.794305967,4.768632966,2.267594447,,6.014130967,6.09359435,2.5,3.634117214,8.520613881,19.98288533,6.022750167,2.102371105,,2.330577426,3.377133088,10.14204522,4.359195619,2.364585932,,2.344003033,2.93204975,2.780668408,,2.827214649,2.609066639,2.023333333,2.883148933
2.799027763,,6.928225817,,5.373306773,7.137349398,7.465432717,6.215779933,4.996331556,2.086138432,,5.653123633,6.568247533,2.5,3.631851095,7.63790505,20.27962387,4.036012118,2.078046807,,3.463194407,2.290855317,9.56607755,4.84514567,4.160269241,,2.220136724,3.978143033,7.057428902,,5.64982055,2.248977804,2.03,2.904608661
2.899174604,,2.365314596,,5.505217391,7.158035714,5.898768167,6.351434284,3.157438172,2.039833156,,3.877544117,6.391173967,2.5,3.600486692,7.313790768,19.75717844,6.969323831,2.058814807,,2.093901534,3.67292788,6.827629483,3.751851172,3.8623738,,2.138481606,2.035543647,5.08606475,,9.11392165,3.348357807,2.26,4.517340678
4.78953875,,3.306496017,,5.034801762,6.42780083,5.768840933,7.150720375,5.303732767,2.150475573,,3.681248807,6.607017239,2.5,3.857573886,7.229957528,20.28351545,4.381609157,2.084169882,,6.727004817,3.766507533,10.16330877,4.177411683,3.914409883,,2.463025237,3.467008542,5.116803317,,5.788994433,2.309645829,2.128,2.361032068
6.19607849,,2.169910763,,5.356345178,6.983105023,6.52114015,6.16682925,5.390607183,2.107966207,,8.449911117,6.203585441,2.5,3.662788501,7.954363492,20.58255719,8.266952508,2.119270981,,3.024486525,2.581170632,8.672500836,2.95712375,2.087184225,,2.787568867,3.033800683,6.02757522,,3.7925549,8.461879417,2.286363636,3.367207911
4.123140931,,5.25112265,,5.065437788,6.559821429,8.500576507,6.544359767,5.129388487,2.324889737,,2.766331137,6.75160435,2.5,3.787986659,8.335441424,10.85447837,4.565015752,2.00565219,,2.561346321,2.686704544,6.78915725,3.5527918,4.195561133,,2.689608683,3.776813297,7.852249313,,3.990016725,13.03151876,2.06,2.09020413
3.989163503,,2.734908683,,5.1,6.6,6.523955583,3.238982224,2.241571322,2.125205641,,5.988554267,7.167668817,2.5,3.964523459,6.067453834,12.72978596,5.7918,2.011348277,,3.224439094,4.537586,7.035803567,3.676249,4.264802328,,2.592002421,4.823704783,6.070928644,,2.523747423,5.456709873,2.12,3.930086783
3.167528441,,4.976337467,,5.1,6.6,6.641310898,3.638603295,7.3361184,2.181674897,,8.891254567,5.968522783,2.5,4.100401537,7.788524673,12.8183341,6.2266252,2.096716188,,3.551137363,2.497658139,9.52475815,3.27499985,4.067944217,,2.11638539,4.136264433,6.370497067,,3.98629515,2.891657691,2.22,2.5875536
2.582757382,,3.20378175,,5.1,6.6,6.38701122,7.22398075,5.2293851,2.202721976,,6.239605317,6.416827971,2.5,4.046572677,6.617783333,12.9881898,5.495979531,2.08156637,,7.9108402,2.369589285,10.6700526,3.983374367,3.671920417,,2.323990167,2.245238083,5.480938593,,2.671754033,2.1650953,2.08,2.883985579
2.341076864,,3.468189273,,5.1,6.6,9.74641085,4.641939452,3.83704971,2.400596381,,4.190636617,6.890232567,2.5,4.29662393,6.997021707,13.44425776,6.907978067,2.142996821,,12.75391333,2.024844649,8.526549017,4.127959483,2.224701133,,3.5572631,2.189650848,9.0412761,,3.28363765,3.206075467,2.05,7.393435
4.205735782,,6.045388917,,5.1,6.6,7.814181259,7.4283653,5.1138437,2.444491791,,4.245743403,11.64125765,2.5,4.051354134,6.885639617,21.23741227,7.350567583,2.198780602,,5.241567864,2.236047288,5.836468837,2.288105924,3.161197583,,2.154361115,2.343002289,7.186214667,,5.253200774,2.878352778,2.43,2.746155714
2.709049255,,2.365454983,,4.775,6.119753086,7.68278065,6.516211267,2.921057771,2.035624444,,2.649631206,6.915770583,2.5,4.035575857,7.060723386,20.88942446,5.576143576,2.186013423,,3.442546825,2.047016691,2.114644242,3.375400933,4.895583467,,2.966688632,3.3071088,7.522972383,,9.916915117,2.191014943,2.142857143,2.235150119
4.33926865,,2.080032777,,8.134954407,6.908083832,6.425276817,8.631781883,5.589412883,2.092152405,,4.044378083,6.957942359,2.5,3.956480778,6.524622965,20.45301205,2.570686653,2.249366249,,2.283569948,4.406682422,9.975463167,4.16648365,2.550086204,,2.083422686,2.919968707,5.594360433,,3.878275967,2.5790546,2.34,2.854694093
2.206302712,,4.148713478,,8.040625,6.822424242,6.01463055,9.252685617,5.444038567,2.12749429,,3.010080067,7.640135102,2.5,3.692967395,6.855013617,21.23231451,5.813705586,2.088156597,,3.813865333,2.674117479,7.30219475,3.996792533,3.778512586,,4.514987617,5.483752983,4.990426483,,11.15837017,9.361544317,2.4,2.537675237
2.9643409,,3.825370467,,5.084716157,6.320152091,6.572398041,6.322661367,3.630305894,2.281850263,,3.510692033,4.554384058,2.5,3.898978633,4.717215648,21.1196991,6.04568065,2.111258805,,3.208618281,2.329693148,6.748270196,2.977016168,2.843075248,,4.434742283,2.813183803,5.405032336,,9.547085,5.686024233,2.02,2.02236289
7.03942935,,4.970554,,5.248962656,6.477692308,3.651973571,3.644256403,6.114645667,2.131227766,,5.001406632,6.373682,2.5,3.914950391,6.64670139,20.70961616,5.667176833,2.164967617,,2.117013567,2.058238847,13.64499695,4.263107967,4.39208125,,4.786091167,2.3375268,3.18241161,,3.798544266,2.60651539,2.055,3.806436431
2.20841614,,2.003387067,,5.133333333,6.225296443,9.5720949,7.708952583,5.051556737,2.110342026,,9.63102525,7.495371033,2.031666667,4.06486438,6.527212932,19.71502892,5.85893535,2.061983369,,2.484239948,3.7986031,6.407904783,3.807301067,3.469575083,,2.62529412,2.279998373,8.747595783,,8.940539849,2.524336492,2.08,3.317122917
3.891797614,,3.907602362,,5.008745247,6.004150943,6.224899862,7.336264483,5.354312661,2.063065915,,3.828805217,2.446712055,2.1476,4.074185498,6.70041935,13.69782986,6.14782355,2.031959954,,3.32097945,2.662243667,4.631094634,4.248130217,3.252482378,,3.070498308,2.468810883,4.977677048,,2.861569467,3.230302133,2.21,3.690214357
3.220918237,,3.08953875,,5.026938776,6.160833333,7.2547784,7.956279303,5.995018875,2.065674904,,7.992534683,5.969241685,3.141395349,3.882557584,7.4947714,12.08560607,5.9830597,2.109625504,,9.230528017,3.445952011,9.524388967,4.061352317,3.513454106,,2.188846349,2.234831566,6.7145169,,3.0674063,6.4632999,2.06,5.598399898
2.660129719,,2.298343593,,4.865178571,6.038339921,6.5349423,2.116670681,4.451378074,2.372895535,,8.682454583,2.836300371,2.801176471,3.854830483,6.809022925,20.1577848,5.616244083,2.093750096,,6.038030067,3.435117017,11.14616415,3.331487833,5.1750297,,2.863906333,2.12671609,6.117004733,,7.175401283,6.698107567,2.13,7.33022135
3.493557337,,2.096969733,,5.028294574,6.297233202,7.02213315,7.8387474,8.66338995,2.216017772,,3.334298643,4.805909603,2.891730769,4.335723459,6.661947759,15.08693402,2.964284604,2.037580558,,2.836250672,4.639836234,11.20219213,2.317277885,4.06691705,,2.988885083,2.135644717,6.405312817,,11.24567077,5.28359915,2.04,2.112036237
2.995409733,,2.6857833,,4.940909091,6.125547445,6.857395717,7.755770067,4.530875893,2.219158634,,7.748513755,7.357999763,2.117777778,4.14518053,7.092261544,15.19963571,5.32166935,2.036564313,,2.760775067,5.785417383,6.205525286,4.234866783,4.630323618,,2.343108977,2.678862467,7.068584767,,3.6070791,2.113177068,2.276,2.642674941
3.319395017,,3.209597507,,7.717915309,7.266768293,5.965600965,7.576455333,5.163465068,2.440655503,,2.803353033,6.9270646,20.0,4.100739599,8.251402167,20.88642801,7.154860433,2.093913152,,3.890220305,2.897088889,12.03352438,4.83471495,5.300737119,,2.484295122,3.19101175,5.382499429,,4.541751238,2.048424817,2.12,4.794024712
3.679550633,,4.5759337,,4.971966527,5.48553719,8.153133874,6.812541567,4.725614667,2.306469006,,3.10040175,8.246785188,20.0,4.033054271,6.857537868,15.42071518,4.086103818,2.050952396,,6.30288,2.767554508,10.07502932,4.810956233,5.745124117,,2.673863217,3.719792717,7.20814343,,4.417873783,2.023485475,2.025,2.477744417
2.607629172,,2.264020814,,4.703773585,5.731496063,6.450471333,5.2697965,6.073163467,2.319370431,,6.469608683,10.30419128,20.0,4.114452371,6.36371537,15.95302605,5.722244017,2.136322552,,5.184611367,2.597140912,8.5588172,3.8999007,4.578641667,,3.1492291,2.755636817,5.916040467,,5.5535204,2.071427491,2.13,3.41982105
5.328207533,,3.760078738,,7.369354839,6.886018237,8.903292069,7.268799683,3.764676381,2.35024616,,9.903271117,8.75800805,20.0,4.129792854,7.287186825,15.86969377,3.27197638,2.240782173,,4.661780017,2.434925966,7.100977583,5.836432683,3.319688973,,2.99467307,2.483800763,8.186508914,,3.752250833,5.963244047,2.02,2.091208536
2.719995207,,2.568972167,,4.902409639,5.432142857,6.675332153,7.274991733,4.859292143,2.420541471,,3.890113,5.732781783,20.0,3.772800225,6.451403404,15.43513509,6.180591678,2.027930396,,2.195773421,3.377731017,4.029152763,4.811108765,4.760879483,,3.669587139,2.56650475,6.690008917,,7.525825433,2.746822417,2.0725,2.199759043
6.753464115,,3.678171073,,3.992417062,4.914448669,9.07469865,7.691022983,8.8626637,2.211795252,,4.798051979,5.292909638,20.0,3.046764205,6.597607379,14.75783814,5.6573878,2.067693104,,2.034166322,3.483828733,11.38712145,2.487276854,3.813383525,,2.792929804,2.860750633,8.429514917,,12.71069983,2.721911804,2.03,2.99588886
7.35630385,,2.8514171,,4.495098039,5.453488372,7.70937807,7.854024053,8.40845855,2.33587246,,4.321606883,5.138252836,20.0,3.215382816,8.122239017,14.37355623,5.455233451,2.088659108,,7.689756127,2.744825857,10.83746935,5.123918469,3.329794625,,2.953018652,2.701026333,7.382193161,,2.617096617,2.917075633,2.17,2.862669362
3.027904963,,6.61223895,,4.261038961,5.2552,9.550687967,8.2139723,9.21238105,2.156240623,,5.1032498,5.530869583,20.0,3.38338896,11.21485383,15.08638567,5.884299358,2.137179831,,2.142325967,2.125210731,11.14961345,4.552820283,4.147320783,,4.045374696,2.5546619,8.736903867,,7.534647717,2.052816067,2.095,2.01647739
3.77670381,,4.09330055,,4.231221719,5.212267658,12.40388067,7.7726848,5.688984078,2.132754055,,3.8640455,4.855876047,20.0,3.420511854,8.058963915,19.52778104,6.463917983,2.18495257,,2.710921467,3.103911927,9.934149445,6.200693417,2.137995661,,3.77952,3.799151817,10.41708737,,9.42094065,4.2885484,2.136666667,2.233942717
3.841944633,,2.377515798,,4.718859649,5.697026022,5.415217651,6.45099845,6.110049925,2.056608208,,4.693979533,10.01316795,20.0,3.303909724,5.734009365,16.04617251,7.1053146,2.004858289,,2.431251305,2.547485332,14.637313,5.046260583,4.447405075,,3.415138367,4.717881983,4.123490181,,9.464155579,5.5735037,2.06,2.438477556
6.9166176,,2.528462746,,4.4692,5.562151394,8.95771345,7.433429283,3.922921445,2.042991803,,10.13934535,5.163052909,20.0,3.749076198,2.926325285,16.40754157,5.9933644,2.028900206,,2.859503373,3.09880117,11.11254212,6.597025346,3.264373463,,2.54006649,3.411148267,8.75121055,,3.473711757,4.769670038,2.08,4.790598018
6.811323417,,5.37905875,,4.584913793,5.727586207,7.44355255,5.690553172,5.554109233,2.306962005,,2.746509433,4.100099067,20.0,3.68596748,11.56566383,21.81557069,6.129962933,2.026910496,,2.019648747,5.882833333,6.305404217,3.099820333,4.242477367,,2.412694321,3.429493109,6.90556405,,5.765638928,5.078006317,2.0575,3.003077862
2.11143895,,5.727366833,,4.338490566,5.320987654,5.020308996,7.856874567,5.701253658,2.299784051,,7.111759433,3.56881362,20.0,3.76715374,7.996570254,16.85822328,7.10811175,2.000925523,,2.003675707,3.27260825,11.99736867,2.098337076,3.935534522,,4.119156623,4.5783576,4.715833634,,8.057566099,6.70520278,2.216,3.188836
2.144434571,,7.953047088,,4.469262295,5.349280576,5.478034464,7.814263333,3.305384082,2.083370097,,8.921165217,2.203845641,20.0,4.875178303,6.2335475,16.12170058,5.993680883,2.024761675,,5.5933817,2.569328558,8.067446086,3.123517989,2.093241964,,3.695863422,5.2144788,4.301378689,,3.135876583,4.446124404,2.195,2.500738571
4.082105183,,10.55972863,,4.29535865,4.809881423,10.9690085,6.237157644,4.711849087,2.157950287,,7.171930851,4.045126153,20.0,3.595177342,9.278777114,15.27215429,4.415182862,2.013915905,,4.7107419,3.187694735,12.41390537,3.421571271,2.413693432,,3.715790325,5.41037405,9.604112633,,4.026986457,4.3559899,2.16,4.029816172
2.466838567,,2.294587868,,4.612977099,4.848031496,10.32587908,8.651107383,5.612055912,2.056347945,,2.206092298,4.2977441,20.0,3.62940169,6.205554528,21.41489179,6.285603417,2.012019602,,4.083496745,3.690523932,9.180139917,3.860685817,2.7341449,,3.735717229,2.667299767,9.191950017,,3.586335183,6.371464183,2.013333333,2.452423926
4.890611117,,2.532293667,,7.36749226,6.277313433,11.87355648,6.695109667,5.5801407,2.028271854,,3.648739269,4.340356583,20.0,3.63861914,6.777692702,21.24350334,5.194604842,2.002982908,,4.266645433,4.10508235,9.719784615,3.94084455,3.663400881,,3.755644132,2.14608995,11.02690113,,9.458914608,4.77362245,2.13,3.315135051
2.237995821,,4.986675353,,5.378597786,5.376173285,4.985803183,6.14215375,5.758387567,2.074469757,,5.091386241,2.383661033,20.0,3.560006233,7.018190127,21.14424551,5.4052424,2.056479158,,6.154903383,2.885011729,13.50721883,3.614515127,5.867642067,,3.775571035,2.623393267,4.326870586,,2.020746959,6.012897017,2.025,2.10731405
3.975975298,,4.561812483,,4.59253112,5.332978723,7.978803583,8.78772145,3.884186051,2.4454671,,3.20687785,3.902619814,20.0,3.543248465,12.03237867,21.38145016,6.136488767,2.006008367,,3.92025315,7.625672386,8.285008,3.770083533,4.9704195,,3.795497939,4.182539117,6.507976717,,6.822216077,2.020601428,2.842,2.003003433
3.360375895,,2.908667123,,4.706405694,5.394295302,11.26098183,7.128008767,5.571063326,2.838598117,,4.254758962,3.725182933,20.0,3.604368975,6.362891167,21.06465801,3.596017735,2.023116401,,5.984700917,2.04891734,7.884505657,2.106824918,6.512291867,,3.815424842,4.199271767,9.861640733,,2.82945135,3.927524153,2.592142857,2.366421759
2.372932383,,3.5414669,,4.375097276,4.90942029,9.038646083,5.375289367,5.923142334,2.392164358,,3.760888283,3.454169757,20.0,3.651818236,9.959840433,20.71827576,6.350063661,2.368365085,,5.309509683,2.855717127,16.20857717,2.635274562,4.687688917,,3.835351745,3.16735945,7.613003379,,5.440206217,3.919168983,2.327368421,2.059383241
2.827753733,,4.55656305,,4.318411552,4.855272727,8.094425783,5.459857617,2.074334461,2.146131358,,7.264411143,4.8666259,20.0,4.136972376,6.752215283,20.67862848,4.37327247,2.024717789,,4.333817117,2.176269203,7.714489333,2.66138765,4.814839196,,3.855278648,4.7532703,6.627907767,,5.621070133,7.018922517,2.145,6.996409123
5.147157467,,4.977003052,,4.445895522,5.070695971,6.305181083,7.895277483,4.933517517,2.122728951,,4.509466439,5.625402167,20.0,4.19035266,6.569995117,20.83798102,5.987495667,2.062831067,,5.388858483,2.833095758,3.961885283,2.834265851,3.837562167,,2.414236414,2.563014617,5.60790415,,6.601868033,2.767651102,2.0575,3.259712183
4.551860648,,3.847214695,,5.012030075,4.727777778,5.440137672,5.177945,5.230604176,2.446607703,,2.962683883,6.3245242,20.0,3.651120195,5.367932475,20.4137825,6.214700572,2.135630032,,3.609323817,5.940202283,4.369959217,3.623704191,4.422074351,,2.302233237,3.635701933,4.603209817,,6.5358491,4.639783308,2.056666667,3.4347756
3.358937211,,2.353445633,,4.61023622,4.404761905,9.804198517,5.8989581,6.182064288,2.608224077,,5.220347783,2.339337617,20.0,3.869618461,6.936540759,20.28159003,2.344023799,2.02127158,,4.305505283,2.377322622,9.829470983,3.421108686,5.977349348,,3.7470711,2.854169083,8.62212415,,8.355076733,5.160394561,2.043846154,2.178624825
4.654607633,,2.634432362,,7.071786834,6.245508982,3.412773343,6.468112633,5.562958967,2.520026281,,5.899180633,3.380591017,20.0,3.922040674,10.76128738,19.78785844,2.860231866,2.191807705,,6.665124017,3.272172597,4.38238375,3.218513181,4.666996881,,2.922779136,2.25550066,3.304112601,,10.60303797,4.9794134,2.23,2.98167195
3.525680083,,5.545917317,,4.529513889,5.173571429,8.426080267,5.859804106,5.214676467,2.209517602,,6.76174705,4.225508458,20.0,3.843400852,6.702537607,20.0633544,3.376439933,2.159338546,,2.815046857,2.527052877,5.424186467,3.015917676,2.35919503,,2.702892241,4.935053,6.774274617,,2.284969518,7.547351176,2.07,2.995830883
3.9344991,,3.837512888,,5.431672598,5.087017544,7.9828614,6.8659884,4.516160914,2.614488621,,6.999181683,2.01028268,20.0,3.864440215,8.175822917,19.75146657,3.892648,2.167629524,,4.043990983,2.668684417,5.9993148,,3.28669701,,3.31142595,3.675935583,6.280503583,,2.858451233,7.758838033,2.13,4.597024367
2.760094347,,4.875267317,,6.883636364,5.96,8.393724369,5.372336174,4.082203611,2.081488114,,8.300910233,4.47457085,20.0,3.874749484,8.244787733,14.16606796,4.408856067,2.445202267,,6.654039378,2.485659203,5.388408996,,3.078558559,,3.700229407,2.8993912,6.968049878,,8.772539483,9.338898717,2.0875,5.052875467
4.185001383,,2.130766321,,6.872222222,5.935670732,6.3725576,6.0017173,7.007887709,2.267951866,,7.0279149,5.009727367,20.0,4.149827091,9.97163331,19.11928716,5.580504867,2.427504384,,6.50185295,2.825099931,6.490262233,,3.137988207,,3.737197946,2.973423967,5.454095817,,3.200296667,6.943123096,2.018333333,2.420506286
3.425599825,,2.915804922,,7.070532915,6.162804878,10.6299747,6.504421133,5.124154811,2.033716684,,2.678177785,2.272567845,20.0,6.246805667,7.153177085,18.81464365,9.01983905,2.433733882,,7.002733306,3.104803492,4.194080382,,3.512032966,,3.774166485,3.043884767,9.316034593,,8.671741061,3.784060585,2.118,4.46134331
3.136086767,,2.651582893,,7.129754601,6.134319527,5.061643733,3.159730281,3.460878393,2.067457782,,2.97537855,4.523379783,20.0,4.065252394,7.128924067,15.31426266,6.544938217,2.431915113,,7.735361233,2.156005517,4.421466983,,5.065190467,,3.811135025,3.621173967,4.4510669,,8.264984583,6.312908283,2.107142857,2.08152155
2.198301633,,2.538294269,,4.332971014,4.757651246,6.052243617,5.145878517,4.24489095,2.03884818,,8.05809995,4.406055533,20.0,9.294940498,8.970200797,15.09897649,10.5447217,2.23136582,,9.013065167,5.917827657,5.849412833,,5.58819375,,2.488889259,3.02620875,5.712946305,,9.585095833,2.114066339,2.065555556,2.476275133
2.05953893,,10.90303217,,4.645263158,5.083108108,5.283534517,6.019909467,6.979163117,2.076214336,,3.397702983,6.357187717,20.0,4.352926865,7.384305967,13.29112093,6.104593883,2.238975419,,6.804298799,2.213068283,2.553059559,,5.212734017,,2.504750564,3.10569985,4.826018983,,8.69957595,2.487022128,2.123333333,2.12224044
2.185242037,,4.997478271,,5.986054422,5.21043771,11.39959667,6.044215367,5.408512567,2.131354993,,5.387260874,7.641034584,20.0,4.745514619,6.446326561,14.90803501,5.621703931,2.164161165,,3.389403593,6.144981091,3.913226633,,5.024118733,,2.2427139,3.607510883,10.21221372,,2.876428867,2.208321716,2.07,2.3504545
2.184018533,,2.858128055,,4.337857143,4.701337793,6.051806317,6.69570915,5.539908783,2.086436206,,8.338203683,5.6329503,20.0,5.79011165,8.0889222,13.08945043,5.717443967,2.124699944,,7.517026883,3.975451362,5.071114083,,3.902783888,,4.895207922,3.4185462,5.810002379,,2.646302533,10.19087937,2.160769231,4.34773405
5.427875767,,4.344741817,,4.355513308,4.73202847,5.214104593,5.292465351,6.435211317,2.414555533,,9.3471721,5.347455406,20.0,4.378199024,10.82868354,13.23625629,6.198098136,2.145031589,,2.207828901,2.23266895,5.450736483,,4.345391105,,3.051508404,3.894305967,4.884715621,,2.895715767,3.452209433,2.104444444,3.772833466
2.572254,,5.856789,,4.46227758,4.827915194,7.16133765,6.3691834,4.797783643,2.315566256,,8.4451879,7.668563617,20.0,3.374062761,9.1577092,12.49584499,9.417785438,2.181485815,,9.434429617,2.7894365,6.157590267,,4.904164283,,4.669139617,3.33335115,6.52777755,,3.818277283,4.88545795,2.01125,2.067571089
3.4138725,,6.877899417,,4.424163569,4.759044369,9.000680778,4.445918683,4.189114115,2.399222247,,3.3503371,9.18257595,20.0,5.285740051,6.743891317,12.39671955,6.333609967,2.155532618,,3.36380175,2.581849567,4.176763262,,5.028196667,,5.44166195,4.794253881,7.231588986,,11.87171705,2.849385517,2.0825,2.1839744
3.634586017,,4.577374733,,4.405078125,4.744482759,8.96688918,3.95688075,4.135832596,2.231313261,,3.040573,9.140124233,20.0,5.985237706,8.984434359,12.14448314,2.804686776,2.224612942,,4.937503456,3.53774845,4.706437367,,7.42180118,,5.778725117,3.147233567,7.184578088,,10.5988682,2.686671576,2.06,2.035397627
3.664685333,,2.147830271,,4.382105263,4.66779661,7.05820027,5.010580917,7.20736285,2.223587486,,3.175053833,2.255417067,20.0,6.913607233,6.537421362,13.41185836,4.636735133,2.369761331,,3.087028182,3.791497133,3.110231567,,6.628282533,,6.000923517,3.24620795,6.451423613,,2.387009476,3.575089967,2.116666667,2.753146627
3.956283317,,3.042349422,,6.72681388,6.156707317,6.14231547,5.18815386,5.222899217,2.049456677,,4.292726083,4.620916583,20.0,7.114194947,6.769663559,14.36016029,6.46878349,2.347749746,,2.258236617,,2.810585375,,5.456419362,,3.275314627,3.5730413,5.711481889,,3.756448454,3.026364586,2.18,3.250263355
4.921654622,,2.564646268,,4.346453901,4.63877551,7.406556247,3.692737701,7.8770738,2.188727976,,11.13776557,2.5889696,2.206363636,7.028161074,6.23945765,14.5592468,5.009761505,2.396587156,,2.925719119,,3.8723356,,5.218037317,,2.645474911,3.055668966,6.557982096,,4.2189926,2.639155173,2.655833333,2.491443933
2.207432167,,3.841862883,,4.421090909,4.656333333,4.119717706,4.800808817,8.111316283,2.026084915,,10.06479612,4.56188945,2.158,4.956073238,9.184292402,13.96154839,5.480023973,2.456956638,,4.285321167,,4.045656667,,7.0968757,,4.042198853,3.486055695,3.500097559,,3.929107085,2.313111443,2.048888889,2.076964555
4.107446883,,2.729138333,,4.581632653,4.847194719,4.553230212,4.743438786,9.1342204,2.039132312,,2.515301045,7.323577133,2.1375,8.936808072,9.992554233,14.21915931,5.5022516,2.419251124,,2.121102975,,2.80709564,,5.7659578,,2.675085313,2.882369317,3.8049835,,3.4441154,2.025953299,2.146666667,2.5791247
3.157173018,,2.4198681,,4.411196911,4.286872587,5.153735972,5.517361702,10.06298683,2.050120635,,4.257829002,7.360257683,2.008695652,9.552131747,9.5322844,14.57194474,6.860810917,2.289711654,,3.321319357,,3.434878817,,5.871704267,,4.170775033,7.06952765,4.4745206,,5.04218975,5.348137033,2.257727273,2.088946586
2.009285132,,2.488399351,,6.913069909,5.979878049,4.816030078,3.476179386,5.340354119,2.434369779,,4.073825283,5.5431678,2.053181818,9.431210945,8.227044678,13.83582063,7.53369815,2.110331322,,3.134201824,,4.108502251,,6.113590932,,2.656861022,4.073900317,3.905751,,6.436491648,3.264574704,2.2125,2.145519579
4.75094055,,5.078145233,,5.694444444,6.071428571,6.854917975,6.933890617,6.497117679,2.310200243,,3.7594798,7.893020517,2.173,9.244532242,10.1858927,11.5107142,6.5535027,2.38596228,,2.929354528,,3.66933162,,6.832170333,,3.26094475,3.2629188,5.920450747,,3.070915615,2.999692167,2.298,2.176975474
2.820291367,,2.820953931,,4.891532258,5.543143813,3.326274981,4.5178468,4.779457001,2.330989715,,3.430842083,4.800508067,2.0348,4.555087157,6.353698583,14.48394278,6.628601814,2.179224637,,2.642620705,,3.462869053,,7.55682115,,2.242271788,4.0522847,2.69029646,,2.099338749,2.425993339,2.617857143,4.3032798
4.61455014,,3.289659873,,7.197575758,6.772727273,4.805403257,4.489696839,2.06897215,2.080943894,,5.9295163,6.619514583,2.222,8.087675663,5.57776044,19.55478831,4.846296884,2.397187571,,2.08508078,,5.93617905,,8.818026417,,2.990105567,2.661621017,4.441377589,,3.773584776,2.590771707,2.108888889,2.738958183
2.452922392,,2.439002003,,7.364590164,7.134117647,6.740382088,5.541936796,4.887279333,2.387008574,,6.552240433,2.449116422,2.04,6.019740678,6.3455835,19.22856006,6.182771267,2.227181555,,5.776166383,,2.830938167,,6.601949333,,2.161611085,4.0152203,6.020345585,,3.17718665,5.202477386,2.148,2.03388355
2.297773172,,3.833064583,,7.21884984,7.034638554,6.518854119,6.42538518,4.414872542,2.258879584,,3.061721401,5.687656433,2.015714286,12.37916271,8.066741091,12.58454118,6.270829017,2.049968377,,2.001815719,,4.640685835,,7.322012367,,2.007505,3.437125217,5.313521021,,3.170534917,2.015671567,2.310714286,2.835067309
2.105087622,,4.03963775,,7.012903226,6.666463415,6.311116976,6.042029333,6.6679035,2.095685818,,3.928566965,5.316419508,2.0485,11.33533563,6.504260074,12.49201127,6.290085508,2.083732649,,2.22631102,,5.388888726,,6.915436847,,2.862470947,6.95590345,5.922953318,,3.67912805,5.450074533,2.0225,2.093865088
2.77606534,,3.164658717,,6.90192926,6.483035714,5.500407102,3.2301264,4.444108424,2.030014145,,3.507048667,3.251085301,2.218666667,6.360456627,6.554648276,11.9484484,9.187667462,2.11301504,,3.264635987,,5.806571051,,7.96448249,,3.885100254,4.480312117,5.381234605,,3.632403,2.543909885,2.28,4.031248283
2.211633967,,4.166022617,,6.785759494,6.198214286,4.562050335,5.01291235,3.587580337,2.05605172,,3.508133583,9.51239495,2.055,6.419502381,6.052992072,11.79115058,7.924589233,2.047191171,,2.181466732,,5.67486455,,6.60793219,,2.898818345,2.548277708,4.42647474,,3.777746767,2.797748882,2.12,2.107019383
2.952610558,,4.60727195,,6.85015873,6.180060423,6.828660925,5.602698629,3.802606757,2.216840295,,3.998073333,2.029163527,2.026666667,12.01702399,8.510581412,12.74901072,6.827011783,2.037750393,,2.146498034,,9.885634717,,7.712560683,,3.8901514,2.468745912,6.535259506,,7.397339833,4.579475012,2.03375,2.277930576
3.013769528,,2.736324038,,6.850157729,6.113230769,4.001533298,4.987142254,4.261145034,2.053847064,,3.852396797,6.839120033,2.082666667,8.389157626,9.407483467,13.72504412,8.5441774,2.06697301,,3.008506517,,3.870715483,,6.983741933,,2.140802073,2.355058313,3.65713829,,3.742445417,6.8890984,2.290555556,2.838102407
3.074928498,,5.178034083,,7.184768212,6.810385757,4.009533041,6.457565667,5.646897033,2.180956355,,4.113222483,6.3351707,2.056666667,12.09581672,6.469491827,13.93589086,8.102370417,2.052690086,,2.401336017,,5.723350161,,7.086284922,,2.0443548,2.126282067,4.020501628,,3.831773332,6.444884348,2.338571429,2.235102395
3.136087468,,2.148394712,,6.84625,6.402095808,6.514975488,6.271189133,4.036615459,2.068700704,,7.791700967,6.237817617,2.089375,11.64446579,6.772317929,14.226825,7.252357741,2.024083782,,2.743074667,,2.007042905,,7.111583424,,2.296161239,2.451625894,5.971527711,,8.24910295,2.4721475,2.13,2.298523315
3.197246438,,4.976648033,,6.576190476,5.798795181,4.495628184,2.71416649,8.5490062,2.249812667,,3.991876633,2.197024503,2.017727273,11.41709212,9.35596025,14.45389623,7.90238085,2.012537755,,4.407657617,,4.19052055,,7.399450133,,2.582148417,2.490799073,4.140260522,,3.695594898,,2.295454545,2.361944236
3.258405408,,2.579831316,,6.619365079,5.781388013,9.247222742,3.801117335,6.8885287,2.151970735,,3.908132884,5.947755167,2.1,11.72451621,7.934390214,20.20404451,7.251341915,2.000991729,,6.956081917,,7.910218883,,7.39057175,,2.094682868,2.330231578,7.406962136,,3.695481367,,2.171,2.425365156
3.319564378,,2.61764525,,6.75576324,5.996130952,2.530047381,4.888068181,8.990803417,2.417085731,,8.342283833,3.956101438,2.125,12.01927586,6.622662214,20.17481352,7.398270467,2.101858521,,2.770610291,,6.185750583,,9.282332733,,2.328803858,2.432036459,2.664722419,,2.744854662,,2.1425,2.488786076
3.380723348,,3.639571167,,6.863311688,6.151038576,5.183894342,5.975019027,4.02805578,2.222948033,,3.97914478,2.514973322,2.022727273,12.63359589,7.860043817,20.10495093,7.23658125,2.008278861,,2.091818945,,2.997698767,,9.4584231,,2.651889697,4.663968091,4.865187763,,7.03941545,,2.08,2.552206997
3.441882318,,2.663266586,,7.010091743,6.359567901,4.636764432,7.061969872,5.150181967,2.683163372,,3.949302833,8.0902498,2.175,6.900502312,9.758897,20.44111254,11.00358255,2.059680426,,2.677464735,,4.205536024,,7.45260275,,2.454647564,2.527218785,4.388057959,,3.623632233,,2.32,2.615627917
3.613689407,,2.998833367,,6.960457516,6.333333333,4.661217468,8.148920718,4.82086065,2.080083618,,3.008845204,7.295304767,2.012,8.36891009,9.509300134,19.41313865,5.993799267,2.212370688,,4.941825841,,5.413373281,,8.9310208,,2.446205842,3.203952629,4.604351725,,3.776470533,,2.1875,2.679048837
3.321005017,,2.284431018,,6.81461039,6.387349398,4.732088434,9.235871564,4.884001509,2.404332764,,7.395018017,7.2796472,2.036666667,8.899667619,6.034959272,14.09693743,7.931955317,2.166403094,,8.084922706,,6.621210537,,5.841414732,,2.793740564,2.362970461,4.161809645,,7.760447269,,2.23,2.742469758
4.569275783,,2.514372947,,6.456918239,5.636936937,4.153483167,6.029694683,3.32883345,2.118197175,,3.9180366,7.44833805,2.126666667,8.84454905,5.553671383,19.50597994,6.644490153,2.233337481,,2.044465575,,7.829047794,,7.863218667,,2.383414183,2.026320912,4.10503613,,5.213340333,,2.1575,2.269425254
2.831350288,,3.099541953,,6.321543408,5.474774775,5.906393364,2.845315014,4.139038051,2.438590963,,4.0543893,7.435897517,2.03125,8.444731228,8.015721439,14.09961942,7.563940335,2.227667914,,7.772604519,,9.036885051,,6.673593467,,2.121969082,2.405626242,5.7456235,,2.810059125,,2.08,2.518240729
3.294641356,,2.608888654,,6.601851852,5.918429003,8.927135151,2.119896135,3.396283976,2.697172465,,7.621735296,8.177093783,2.096666667,8.499090092,8.734891115,17.65860964,6.531376033,2.120651488,,2.043554176,,10.24472231,,7.07672195,,3.097650693,3.482765857,8.624147101,,3.053262623,,2.41,2.604438932
3.374792455,,2.259772842,,6.799680511,6.148816568,6.521307854,3.503665157,3.916138,2.474864779,,5.426637533,7.401856683,2.041111111,8.209099129,6.027793755,12.99277135,7.464677033,2.158954895,,2.907643859,,5.737837933,,7.1615045,,4.042121908,4.073021438,6.37434194,,4.109687133,,2.36,4.483108117
3.454943553,,3.490061883,,7.050645161,6.644409938,8.200288556,4.88743418,6.649986367,2.388773354,,3.267366192,10.3660181,2.0025,8.594845657,9.500001883,15.55220667,7.3160158,2.212777921,,2.389537359,,2.518294147,,4.603441205,,2.509013867,2.875452439,7.700681337,,4.052137333,,2.205,2.027068628
3.535094652,,2.937678446,,6.972435897,6.445201238,4.792911784,4.48833175,5.372563271,2.312606241,,3.020884875,5.012606229,2.007,8.041224783,10.29877177,17.56461824,6.919100363,2.028554816,,,,4.227177996,,6.3832042,,2.096268418,2.795437055,4.289031171,,3.085305646,,2.265,2.185282592
3.717877572,,2.23994419,,7.050326797,6.529429429,7.581063889,5.758888683,4.812536908,2.200768574,,4.233452617,7.547152183,2.096363636,7.617076142,5.594565354,15.73474708,7.463392183,2.029595193,,,,7.020056686,,8.139988169,,3.438359133,2.627114891,7.366225988,,5.422743517,,2.193333333,2.343496556
2.4393663,,3.100952725,,7.004761905,6.702083333,5.634598857,3.431523172,4.333414818,2.347825037,,4.1025875,7.948811133,2.045833333,7.665192822,6.115852375,15.90803787,7.586755583,2.022697593,,,,9.812935376,,7.745166793,,4.28393525,4.442807656,5.070431728,,8.004658158,,2.168461538,2.50171052
2.135551668,,2.885224949,,7.199378882,7.173590504,7.662261427,3.912403506,4.18898365,2.442059206,,3.091166566,7.748968667,2.08,14.09203506,7.023335981,15.267007,8.275405542,2.001317856,,,,3.833814864,,6.892226367,,2.199487833,2.512396875,7.310261772,,3.347844706,,2.17,2.296949735
3.285269417,,2.360000217,,7.215286624,7.20960961,9.981202605,6.9437371,6.105457303,2.127925912,,5.747612783,6.986617175,2.065,7.677176789,5.825232241,14.45122882,11.66855637,2.013844129,,,,4.332604517,,8.831800983,,3.817534733,3.49885275,9.067012541,,9.336325883,,2.173333333,2.364693695
2.94687495,,2.805071429,,7.265483871,7.294378698,7.516707646,5.430576583,3.88388884,2.405661287,,9.083238965,8.163342795,2.015714286,14.2268221,4.778454111,14.61577159,11.90113017,2.779957225,,,,3.103648394,,6.571197867,,3.300649182,,6.897651305,,7.036197524,,2.19,4.179947824
5.614026625,,2.703135913,,7.357877814,7.465875371,7.506392265,6.507079567,5.651729634,2.375968101,,3.737973165,7.011053733,2.0775,13.72042108,6.429911679,13.80124604,6.8823485,2.113928558,,,,6.08062733,,7.615765416,,3.0615758,,6.877895735,,4.052300017,,2.198,7.004753717
3.136061246,,2.288234035,,7.352681388,7.125382263,11.08247548,7.07127465,4.427326517,2.031937703,,8.89423495,13.82365967,2.04625,14.3109106,6.212315339,13.16043842,10.47590115,2.027398447,,,,10.22505863,,7.49808922,,2.214986241,,10.52072355,,3.566734783,,2.095,2.13946862
2.480689889,,4.714234071,,6.951768489,6.496996997,10.56170093,8.304116717,6.053585617,2.020124847,,7.04010471,7.126834483,2.031176471,12.97191749,5.162258438,16.92458216,2.601591573,2.044320325,,,,3.944797,,6.706812067,,2.809962467,,10.17990716,,3.820827333,,2.032,2.732636783
6.019809867,,2.173461653,,7.288271605,6.834821429,11.14050492,7.004853068,5.998161439,2.285086509,,4.325311083,6.245879917,2.17625,12.97521484,7.769323,19.75774101,5.597124953,2.129833485,,,,6.076742967,,5.006597412,,3.860967449,,10.87233829,,5.3230407,,2.062857143,5.307839083
4.654345293,,2.563499613,,7.067405063,6.749249249,6.971243034,3.03105397,6.796333483,2.330363731,,3.920904917,3.003747719,2.007692308,13.19441386,6.603071105,19.97904606,6.79135565,2.039280431,,,,7.002985317,,5.491197417,,2.462917797,,6.480544919,,12.01588783,,2.003333333,6.442585186
5.072978017,,2.953537573,,7.292789969,7.004464286,7.658275464,3.795457424,4.189832948,2.206366471,,3.9705014,2.113956082,2.088333333,13.16737664,2.48782417,20.39631051,7.796007417,2.049122696,,,,9.052028633,,2.233013633,,2.392512763,,7.035975333,,5.207092783,,2.08,5.563662267
4.957090567,,3.343575533,,7.348447205,7.159813084,4.819615706,5.751788212,6.780461867,2.239194982,,5.946091767,7.500354033,2.010869565,13.49607356,3.034597818,21.00041,7.85759225,2.018195687,,,,6.468151864,,5.365176917,,2.848451136,,4.079776773,,4.700218867,,2.022857143,2.255806942
5.365967267,,9.013397333,,7.371803279,7.132743363,5.769171183,5.857583233,5.748639496,2.389575369,,11.14545072,5.659603983,2.118,13.59510409,3.581371466,19.48585783,8.56712945,2.085634287,,,,2.658740243,,4.80296155,,2.116744421,,5.067974148,,3.913611867,,2.146666667,2.629591383
3.390727842,,3.867976,,7.319871795,7.06941896,10.53569306,7.13720415,3.326903087,2.642937103,,5.6629349,7.751926233,2.02,14.09247898,4.128145114,16.55374551,4.869956421,2.105041383,,,,4.950009604,,5.403979333,,2.514455917,,8.933376366,,3.61827265,,2.025714286,2.434985593
2.826962537,,6.680083433,,7.240062112,7.040243902,7.717519322,3.139141783,6.364078017,2.453198901,,5.2465216,6.632841967,2.200612245,13.82131738,4.674918763,21.36213171,7.511452633,2.000596557,,,,4.975508568,,7.066768417,,2.043424148,,7.412565417,,7.05642275,,2.04,3.8814523
5.498872088,,3.167928556,,7.723343849,7.868975904,4.935017338,5.376952833,4.437898499,2.284994624,,4.08229395,13.68146598,2.283333333,13.39430232,4.95035497,21.49389019,7.847708083,2.003083572,,,,4.422944583,,5.012032383,,3.695214941,,4.749968836,,2.936424028,,2.2325,2.0700815
3.424360661,,2.245871531,,7.515064103,7.611607143,6.418294044,5.543960867,4.651942133,2.247950085,,3.825106083,7.980521433,2.145,11.71135248,8.093591933,17.03706755,9.4812005,2.184777703,,,,7.620663583,,7.719813797,,2.645299671,,5.972879316,,3.9630647,,2.34,2.146355714
6.126034517,,3.152438037,,7.622429907,7.754545455,9.538045036,10.65211579,4.921543067,2.461404298,,6.811661067,3.048039177,2.088666667,14.60838917,3.897530933,21.2423162,8.32019775,2.051536269,,,,9.2067223,,6.084923083,,2.623120895,,8.796982418,,3.9267147,,2.204285714,2.183572855
2.263752421,,2.742007608,,7.833018868,8.108284024,7.345425513,6.205781367,8.177072917,2.735028952,,2.863416938,4.621351257,2.003,15.10848457,6.445460695,21.14844787,11.10075577,2.004698181,,,,4.140212667,,6.84633755,,2.439279,,6.31727638,,9.015993159,,2.200833333,2.648879729
2.975379822,,3.816687776,,7.781269841,8.132326284,6.959158038,4.636592733,9.311435217,3.013622836,,4.10687055,4.230802892,2.0175,14.63349568,3.535702518,18.54562071,7.1596394,2.028667714,,,,3.942742088,,7.750466567,,2.400122423,,6.338229098,,2.474692693,,2.14,2.26818735
3.361701915,,10.10307713,,7.362295082,7.543026706,6.899078316,5.08598256,5.198384183,2.764182705,,4.031109367,2.670172515,2.01625,15.60477692,7.905048683,14.07921576,7.840136667,2.049939978,,,,8.213907767,,6.678168807,,2.507411075,,6.374246383,,3.904494732,,2.135,2.53593845
4.713787017,,8.026141283,,7.49054878,7.275975976,5.672041077,3.712812778,8.00025395,2.48004131,,8.194081382,2.502792933,2.212307692,15.23624871,6.666797814,13.85744397,7.4026092,3.053740025,,,,11.35439187,,9.392899436,,2.765512221,,5.553231296,,13.08206338,,2.14,2.5487301
2.473483833,,3.990507082,,6.741233766,6.7528125,5.853043395,6.11879935,6.757166263,2.619299294,,2.546804163,4.262197062,2.142,15.83261075,7.723799717,21.13536488,7.218456967,3.053740025,,,,2.712661417,,5.839396335,,2.513660877,,5.234075321,,11.46087391,,2.026,2.319379769
5.988342567,,3.068934702,,7.906796117,7.943072289,13.76411827,6.571706682,6.840549017,2.446722031,,3.584979,2.844024893,2.035384615,14.0447096,5.529526925,21.22058532,5.938858121,3.053740025,,,,3.927749696,,5.576854559,,2.781127041,,12.88375756,,6.886482016,,2.04,2.388513655
2.258151675,,5.082569653,,8.091772152,8.014749263,5.752366418,6.093412729,3.941463985,2.396852624,,10.30726597,4.061386484,2.062857143,14.37206023,6.322915458,21.26487251,6.949168133,3.053740025,,,,2.764162936,,7.386821967,,3.682906296,,5.279214875,,5.625170187,,2.053333333,2.395126086
2.0295229,,3.941982395,,7.926349206,7.780758017,9.682007345,6.0333414,5.636323661,2.40202652,,8.383534853,2.374376603,2.733636364,14.45605989,2.250568304,21.60099146,3.631388483,3.053740025,,,,5.0373149,,6.88991285,,3.024471671,,8.992389908,,11.03283763,,2.03,8.134650333
2.349938783,,4.30373125,,7.855031447,7.737091988,12.09118905,6.812494983,6.112083317,2.46508718,,6.061746387,4.151679984,2.113333333,10.68764937,3.721588954,21.91647722,6.699051117,3.053740025,,,,6.195371419,,3.988876627,,2.389628257,,11.23342542,,2.500856789,,2.06,2.989450363
6.193147133,,5.267413654,,7.513580247,7.138416422,13.46652824,6.049996467,8.093588171,2.41216473,,4.561352872,8.400635758,2.011666667,11.85599249,5.192609605,21.53421379,6.4983309,3.053740025,,,,5.524300833,,7.1472059,,2.537512014,,13.22548372,,12.2255036,,2.05,2.205391404
2.138519633,,2.430777646,,7.758974359,7.282492582,8.26110857,6.288433983,5.5871408,2.478821735,,7.087641352,2.641799569,2.147894737,10.9540362,6.225481138,21.83808426,7.202759883,3.053740025,,,,4.704222733,,4.997290167,,2.237004597,,7.480194747,,9.79406975,,2.046,2.107426517
2.091313175,,6.191677817,,7.42483871,7.055325444,5.132208988,7.040091683,5.729348967,2.488210415,,2.857049068,3.214058337,2.4475,12.45323263,6.363624389,21.54729422,9.619442417,3.053740025,,,,6.394149717,,4.085031475,,2.231070293,,4.273531917,,2.044817378,,2.05,2.011014153
2.113311714,,3.265224822,,7.538601824,7.085630499,8.568233544,7.309811708,6.4698096,2.348335023,,9.600337243,2.905897347,2.26,10.6164569,6.539504204,21.62697281,6.766219967,3.053740025,,,,4.824822767,,6.938119717,,2.495550374,,8.052839012,,13.85188054,,2.08,2.024263967
3.126529117,,7.807259767,,7.6284375,7.569879518,6.654319059,7.14374022,4.858443683,2.327777969,,9.123022083,4.356911806,2.042857143,10.45957951,6.690169857,16.28890789,9.649382254,3.053740025,,,,5.116946983,,10.17338593,,2.591207361,,5.676064999,,9.956693342,,2.01125,4.019597429
2.658986533,,3.211344018,,7.809615385,7.695014663,9.600949833,6.097548083,6.072439667,2.323168312,,10.52403741,6.126335889,2.06,14.03848171,5.602874161,16.90161794,7.781215917,3.053740025,,,,7.2571298,,5.285617733,,4.188827182,,9.145134256,,13.0259925,,2.02,4.99788465
2.37100069,,2.307016441,,7.819230769,7.601515152,10.27147549,7.585651867,4.740634892,2.466769428,,9.312183882,2.604814702,2.157777778,16.01799231,6.366777983,15.03991354,7.766539933,3.053740025,,,,7.151334264,,3.069399183,,2.894106565,,9.600068071,,7.347342078,,2.043333333,2.187915402
2.000274373,,2.67021405,,6.856610169,6.720063694,15.04577756,8.073685312,2.21934636,2.489746236,,9.093326694,7.427722935,2.065,16.83206068,3.030578643,14.7272151,10.94185097,3.053740025,,,,7.756290173,,4.096628283,,2.283849533,,14.0022319,,3.304147614,,2.00375,3.558721683
8.695558017,,3.552738386,,7.947003155,7.707309942,,5.858492153,5.710058861,2.468306228,,7.105541792,5.128364682,2.2478125,17.01913011,5.934594509,16.33200838,9.424602184,3.053740025,,,,4.741248983,,3.414052887,,2.182108159,,,,10.19430914,,2.107857143,3.296538623
3.027229067,,4.246458817,,7.89047619,7.775,,7.278282483,5.272382974,2.395064567,,3.519052889,4.745601421,2.076666667,16.66050667,5.424237119,17.13115303,11.97820138,3.053740025,,,,8.804110317,,4.5507259,,4.538104576,,,,3.689583319,,2.097142857,2.825527628
2.7261995,,5.052326994,,7.994670846,7.601801802,,6.086548646,4.932536132,2.420434043,,7.462279677,5.038102953,2.305,10.75279439,7.457588729,17.42877699,5.912672043,3.053740025,,,,11.77103187,,7.962781034,,2.411935056,,,,6.488244164,,2.108333333,3.5003865
5.64566577,,3.895771083,,8.0090625,7.802108434,,8.051711867,5.359663325,2.055225752,,4.079039562,8.29515359,2.003333333,10.40718724,6.531538283,17.31613409,7.1224768,3.053740025,,,,4.012391475,,5.148465267,,2.710393464,,,,3.216181849,,2.146,3.454860761
3.18292785,,2.332756967,,6.393729373,6.420792079,,6.7549862,5.503880091,2.281179287,,6.726491414,5.26149375,2.013636364,10.22675594,6.559616929,16.73864244,9.4827817,3.053740025,,,,8.65964615,,4.240768045,,2.316901083,,,,11.73796377,,2.031,2.644501519
5.026924817,,4.012420133,,7.453432836,7.126060606,,8.129812583,5.395783732,2.024393717,,3.513522274,6.389865016,2.53,11.04220892,5.127743858,17.50073059,8.069261717,3.053740025,,,,5.228398926,,4.617248581,,3.616539162,,,,5.766906743,,2.001111111,3.334468544
4.833084733,,3.593822214,,7.48757764,7.1771261,,8.3348501,5.28212281,2.357186869,,10.54425296,,2.01,11.24347539,8.063364633,17.68150846,5.993960183,3.053740025,,,,9.093484517,,6.089681733,,2.270746025,,,,4.371202276,,2.118,3.632529081
5.258607864,,2.093390167,,7.523602484,7.20619195,,7.493498667,4.478631884,2.299328616,,5.945019329,,2.154545455,11.85639352,8.36267015,17.508928,10.21415612,3.053740025,,,,6.6880954,,7.031711417,,2.488777097,,,,10.33060226,,2.291111111,2.82278073
2.76953247,,2.305458051,,7.727848101,7.351506024,,7.965146746,5.597455582,2.273848316,,4.474482918,,2.243140496,10.20209006,7.71308267,21.83990361,7.81092885,3.053740025,,,,11.21811507,,7.88636374,,2.337284815,,,,10.93113801,,2.472857143,2.512814851
2.508029,,2.350865672,,7.789341693,7.386011905,,6.985505867,6.682826901,2.299310878,,7.577229989,,2.312337662,19.51380962,9.259920667,17.7997,6.390247433,3.053740025,,,,11.50792383,,5.776534433,,2.358978121,,,,2.526257088,,2.13,3.342560338
2.4346518,,3.799893931,,7.4840625,6.726586103,,7.779145517,5.808732722,2.275031742,,10.26558375,,2.331071429,18.24092137,6.547687683,19.78214572,9.592716069,3.053740025,,,,7.94170835,,3.056931949,,2.327451528,,,,3.794123274,,2.44,2.68933324
4.524630117,,3.916085483,,5.401393728,5.538513514,,8.690672533,4.882681581,2.240986639,,2.778111353,,2.374806202,9.775780181,6.062896035,17.75382697,14.83304,3.053740025,,,,10.90431717,,4.001016379,,2.402741915,,,,10.6850638,,2.01,2.487328485
3.38975869,,5.109356203,,7.98474026,7.763496933,,6.891358317,5.101783547,2.002360238,,4.032404233,,2.244516129,17.72215502,5.971259241,17.62043373,8.283097283,3.053740025,,,,8.1359106,,4.888769117,,2.085873847,,,,7.083294141,,2.066,5.489091267
3.11681489,,4.226818271,,7.958412698,7.600911854,,8.73482775,4.389722455,2.34778571,,6.391246271,,2.266756757,17.86570786,8.076974733,22.17974383,5.375855983,3.053740025,,,,11.9750053,,9.953529091,,2.270066345,,,,3.488709013,,2.119,2.482173041
3.307644931,,7.322917367,,8.139263804,7.66554878,,8.324231333,4.413576338,2.252725636,,7.463206271,,2.124456522,10.02987304,8.092792678,21.71659843,6.573819483,3.053740025,,,,14.32830917,,4.69526195,,3.649913458,,,,4.318360203,,2.218,2.000773581
2.190295559,,2.741628467,,8.13404908,7.533030303,,8.35306385,5.069106107,2.260379612,,3.60932,,2.091263158,17.63757994,6.147535825,18.12850155,5.571034141,3.053740025,,,,7.006091983,,3.836829517,,2.16944499,,,,11.6659333,,2.18875,5.278661579
2.336378571,,3.629941702,,8.174598071,7.610946746,,7.573665667,4.143078056,2.296597394,,4.395884333,,2.533909091,18.90075627,9.284959517,18.02314494,6.54454655,3.053740025,,,,13.64008658,,5.747203915,,2.144002794,,,,2.900661901,,2.026,2.276757254
2.107412,,5.070952817,,8.362101911,8.103293413,,6.485359717,5.457005707,2.277538557,,11.02792789,,2.585238095,17.87423249,8.64676185,22.24174146,11.49613036,3.053740025,,,,9.513812383,,6.285422383,,2.511983246,,,,6.91753456,,2.135,3.052276557
2.431324932,,2.890316816,,7.961370717,7.729117647,,7.115002867,2.652458658,2.329991327,,3.073059986,,2.661381579,18.81907012,8.861064783,22.20370236,7.665715933,3.053740025,,,,10.80572468,,5.976311748,,2.092639143,,,,2.855742,,10.0,5.49599646
2.704774579,,2.306988877,,7.802302632,7.354654655,,5.683772333,5.653825976,2.323308182,,6.96042224,,2.802466667,19.94731733,8.748085917,18.5404929,4.37528765,3.053740025,,,,8.330916483,,3.752386594,,2.612662123,,,,3.406015931,,3.349,2.449127813
2.892882771,,5.017767136,,7.555414013,7.147005988,,5.014376425,4.463531574,2.244280457,,3.162823882,,3.497257143,19.64364223,6.499031492,17.91239305,6.389198393,3.053740025,,,,5.2964316,,7.30618526,,2.198172171,,,,7.362210371,,9.172,3.162763447
3.17854315,,2.157001932,,4.518439716,5.076556777,,7.853077147,4.492141221,2.394727776,,3.483857892,,4.12079646,19.59517188,6.529641915,18.01123104,8.477545217,3.053740025,,,,7.02431895,,3.814207993,,2.195695,,,,4.306832857,,6.008333333,2.406247248
4.809336931,,2.03948565,,7.400636943,7.113173653,,8.103139333,4.094868585,2.299532326,,7.448457086,,5.096370968,11.83196657,6.538919,19.25588746,10.63928143,3.053740025,,,,5.0460411,,4.312222688,,2.344222547,,,,3.633769014,,9.514285714,3.819726944
2.714400383,,9.374725879,,7.51503268,7.28969697,,8.959940217,2.417947999,2.010676137,,4.611574086,,5.06424,19.52258708,6.261662684,18.83010271,11.85611019,3.053740025,,,,3.791058173,,4.938323026,,2.810414547,,,,5.222626,,9.5625,4.090763341
2.1110941,,7.9727801,,5.737037037,6.102447552,,9.301343217,4.713083519,2.296637152,,3.835786557,,5.756219512,18.23325913,6.619635138,17.89476911,7.703798467,3.053740025,,,,6.327949884,,4.7911887,,2.305809594,,,,9.43845259,,9.531666667,2.658842597
5.753840982,,5.030592472,,7.818471338,7.470958084,,8.850794867,4.618782118,2.32680412,,5.568577507,,6.692241379,10.43910809,6.28121386,19.01505785,5.515173001,3.053740025,,,,9.9251866,,6.106008633,,2.111126603,,,,3.565906873,,9.537142857,2.414383836
3.317184458,,2.73452225,,8.103908795,7.829912023,,5.572650633,4.902210687,2.325447727,,9.393250269,,6.119480969,19.59426246,7.124066,21.74895136,6.48321281,3.053740025,,,,12.65282778,,3.955354575,,2.536103234,,,,6.348799227,,9.2675,2.268583313
6.000891647,,4.5663612,,8.226498423,7.88253012,,7.88213705,4.466490417,2.28764568,,3.809512268,,7.197630662,19.71730745,6.985521649,17.62214524,7.103099083,3.053740025,,,,17.75440083,,3.978334725,,3.50563386,,,,5.709762143,,10.05,2.66105828
4.34473415,,2.095508172,,7.881931464,7.562130178,,8.774198172,4.710716831,2.339204377,,6.329536194,,6.268709677,19.35814815,10.055668,21.27027923,14.38458811,3.053740025,,,,16.0697,,4.641187532,,2.006606714,,,,,,9.583333333,8.898839734
2.383230167,,6.024111867,,7.639805825,7.418012422,,8.395658466,4.734523,2.302863068,,5.967319443,,8.2847557,10.39295459,7.940863051,21.73330863,7.22274875,3.053740025,,,,4.832217879,,7.003199736,,4.04176395,,,,,,9.2425,2.92146689
2.619857883,,2.210713067,,7.856146179,7.628787879,,9.505790733,4.430127183,2.22299435,,,,10.46506536,10.14729772,9.195031333,21.4889273,6.110825333,3.053740025,,,,8.071231517,,2.654755609,,4.990068264,,,,,,9.91,2.738892236
2.1266813,,2.130829949,,7.688714734,7.442201835,,9.53373713,5.264629501,2.272332336,,,,4.411846154,10.21734647,6.564849481,19.25977568,7.8352057,3.053740025,,,,15.66691469,,4.667244757,,2.641631461,,,,,,9.91,2.432464281
2.610070267,,2.1690184,,7.85686901,7.731360947,,9.603908033,4.299674307,2.267181597,,,,7.41312,11.5012908,6.521857943,21.43783313,9.071653417,3.053740025,,,,11.39229337,,4.688274625,,3.658342951,,,,,,9.9,2.880922829
6.007731867,,2.7943751,,7.897039474,7.52969697,,9.35675055,4.366636014,2.288095156,,,,8.119120879,11.21898735,6.706312796,20.99189588,7.541192818,3.053740025,,,,15.2144005,,6.233873354,,2.123935918,,,,,,9.91,4.586011117
2.001863271,,2.39113375,,5.468441065,5.790566038,,8.734406067,4.709700168,2.22819604,,,,8.828717105,11.23349784,6.802227286,16.70272126,6.197654826,3.053740025,,,,17.11476863,,5.000499629,,4.010312688,,,,,,9.92,2.064605026
3.15025285,,4.014070033,,8.020952381,7.704601227,,7.40444588,2.186227604,2.286360198,,,,9.487810458,10.8543326,6.553604127,16.63275751,10.58427674,3.053740025,,,,16.38231727,,5.427473917,,4.242021309,,,,,,9.94,2.102976763
4.92306045,,2.151158983,,8.11835443,7.828915663,,9.551128567,3.820233013,2.345174634,,,,9.836775244,11.19611906,7.98144475,16.722298,5.96261761,3.053740025,,,,14.475857,,5.592848254,,7.081831625,,,,,,9.94,3.291661975
4.7536194,,2.570238926,,8.031210191,7.862613982,,10.87097813,4.224185483,2.129435539,,,,10.73148265,11.71404281,6.681376017,12.73570648,6.68900745,3.053740025,,,,13.5779844,,5.053091463,,,,,,,,9.94,3.213037752
2.92090175,,3.692105616,,8.217799353,7.878115502,,8.3190334,4.470133584,2.246881662,,,,12.72236025,11.06409527,6.624521183,21.1451375,7.226120325,3.053740025,,,,10.74234931,,4.7751856,,,,,,,,9.94,3.284313366
5.213316011,,2.736554049,,8.284789644,7.937195122,,6.791271583,4.781942132,2.232502769,,,,14.86262195,10.70635141,7.062448661,20.95026677,7.028555167,3.053740025,,,,16.37526033,,4.991720121,,,,,,,,9.94,4.9652382
3.10752781,,2.761914825,,8.156549521,7.679341317,,6.449322296,4.564619808,2.249145036,,,,19.21922222,10.48489565,8.689650567,12.71624551,9.205567013,3.053740025,,,,15.615798,,4.869548686,,,,,,,,9.94,5.894290566
3.90541965,,2.480071025,,8.180448718,7.709580838,,8.272193383,4.323880133,2.234173211,,,,18.07838565,10.60205417,6.9368033,12.35237508,6.450208987,3.053740025,,,,9.754870567,,3.548478464,,,,,,,,8.49,2.579303394
3.232149289,,2.204920833,,8.231974922,7.8875,,9.058610217,4.838141083,2.254547436,,,,19.2609375,19.75372638,6.975130983,20.90191562,6.780029429,3.053740025,,,,5.726674783,,5.55616611,,,,,,,,8.48,3.10029336
2.3605096,,2.054749724,,8.146601942,7.754277286,,7.855949633,5.437451953,2.238377564,,,,10.71697143,13.29946166,7.089062754,20.72136557,6.782293247,3.053740025,,,,5.918601915,,6.251063335,,,,,,,,8.62,2.712192916
5.219336704,,2.052884474,,7.783548387,7.252439024,,4.9176774,4.952051364,2.259012144,,,,8.962592593,12.72065385,3.721135057,20.72753642,10.21997649,3.053740025,,,,9.21143395,,4.051684478,,,,,,,,8.62,2.583906797
3.322046055,,2.155526614,,7.751757188,7.506567164,,6.392311233,4.014035037,2.352194827,,,,9.450789474,18.85884555,6.691576864,20.56474184,4.833218703,3.053740025,,,,12.77495325,,3.523945026,,,,,,,,8.67,6.211815783
3.552475337,,2.219951614,,7.6971875,7.317168675,,5.906239833,4.761626187,2.267139912,,,,19.566,19.40255329,8.516516867,19.95987059,7.109714149,3.053740025,,,,8.488382567,,4.950568553,,,,,,,,8.7,3.416584029
4.025920487,,2.700874,,7.837216828,7.340432099,,7.747270783,5.755855864,2.218465144,,,,16.63769231,20.49415941,7.601456712,12.83135174,6.886440667,3.053740025,,,,3.13780975,,2.291284998,,,,,,,,8.75,3.687226732
6.1135846,,3.95384539,,8.173267327,7.646646341,,5.525088095,6.131114405,2.222660628,,,,12.223,20.85656453,7.745041017,13.02752168,10.09143084,3.053740025,,,,4.966162583,,6.726100163,,,,,,,,8.8,3.308201533
2.089389433,,4.577849842,,8.17460815,7.753869048,,6.292572932,3.994006069,2.245108012,,,,11.7619697,20.39568635,6.891046217,15.08529606,7.496916915,3.053740025,,,,4.17206085,,4.960299138,,,,,,,,8.81,3.677783846
2.402621947,,2.97017978,,8.021543408,7.838575668,,5.401809823,4.950255387,2.321958298,,,,6.666666667,20.12057545,6.609970175,12.98053587,7.43531571,3.053740025,,,,7.728919583,,5.342875322,,,,,,,,8.84,3.010602892
5.08681017,,4.567713588,,7.774675325,7.541017964,,4.728528441,4.123831879,2.252857835,,,,9.359090909,20.0892468,6.75795505,13.84115465,7.150623866,3.053740025,,,,3.995066138,,5.936742504,,,,,,,,8.87,2.983854282
2.08538176,,4.337587848,,7.7,7.6,,12.93528202,5.808494366,2.232339529,,,,5.815714286,20.25699477,6.969104627,20.28199176,7.232025708,3.053740025,,,,4.710905,,7.319985947,,,,,,,,8.88,2.667799794
2.351217603,,2.494956102,,7.7,7.6,,6.885272633,8.773849429,2.279590349,,,,6.666666667,19.99824956,6.923278321,20.03378223,6.666477055,3.053740025,,,,5.384305358,,5.604390105,,,,,,,,8.85,2.068550527
5.36477785,,3.461425967,,7.7,7.6,,5.960470017,4.843294961,2.293769309,,,,8.861851852,19.64679459,7.191747186,20.28822393,7.006436594,3.053740025,,,,5.437873048,,4.894768615,,,,,,,,8.82,4.837513714
5.821758731,,3.094930017,,7.7,7.6,,5.322295917,8.139277279,2.267673564,,,,5.0,19.6917,7.072190617,20.34104836,6.576372046,3.053740025,,,,13.71962909,,6.156594512,,,,,,,,8.77,5.849861597
2.03703825,,5.092808233,,7.7,7.6,,5.337144467,9.189479167,2.278691285,,,,7.372727273,19.56998148,7.419223707,20.6126434,4.865449198,3.053740025,,,,5.800504217,,4.743344605,,,,,,,,8.75,2.881786039
3.650321237,,2.851035383,,7.7,7.6,,6.676162617,6.101664417,2.279063978,,,,7.833157895,19.42127169,6.951417077,18.79123631,7.776556815,3.053740025,,,,4.187370617,,6.914638053,,,,,,,,8.72,3.170609537
3.066938942,,4.174981967,,7.7,7.6,,5.256231117,5.19758096,2.210231955,,,,8.344615385,19.12203605,7.742270308,19.97320804,8.538066798,3.053740025,,,,3.8428059,,2.64413092,,,,,,,,8.67,2.408081514
2.43746164,,6.459984183,,7.7,7.6,,5.242896136,7.905250169,2.230241562,,,,4.272,19.79245141,7.20616124,20.28876997,6.531785736,3.053740025,,,,3.6685556,,6.464959633,,,,,,,,8.65,6.1437406
4.59263338,,2.554604271,,7.780088496,7.283261803,,6.304129383,8.77097772,2.226533028,,,,6.254666667,20.2445244,7.523218033,20.49365182,5.82367956,3.053740025,,,,5.7852459,,7.141645281,,,,,,,,8.65,6.871508899
3.742159095,,6.090166383,,4.813414634,5.6584,,5.20108365,12.16166838,2.264988426,,,,8.22625,20.07758343,7.293562431,12.95463397,6.502790779,3.053740025,,,,3.732652767,,6.818909375,,,,,,,,8.63,4.303668455
3.357425603,,2.7805471,,7.891304348,7.509848485,,4.998029,,2.283901269,,,,6.585454545,17.75215184,8.03531215,18.30239366,3.27622673,3.053740025,,,,5.462374264,,6.668537587,,,,,,,,8.61,2.770505286
4.737240474,,4.473230525,,8.187772926,7.465283019,,6.421819668,,2.197081584,,,,7.48,11.2031202,6.74820155,19.92428251,9.535815061,3.053740025,,,,4.965137933,,8.18685161,,,,,,,,9.23,2.043926161
7.213478474,,2.301429104,,8.267875648,7.6056,,7.332633967,,2.188666707,,,,8.085,11.70500909,7.563714083,20.27546509,6.228792985,3.053740025,,,,3.735235467,,5.801593079,,,,,,,,9.09,2.330326958
4.618227351,,2.51597321,,8.161881188,7.449224806,,7.1187518,,2.246498017,,,,4.168,20.29103916,6.953575667,20.33384269,7.644754267,3.053740025,,,,3.422697034,,5.49954521,,,,,,,,9.43,4.052899569
4.719819121,,2.742567234,,8.205581395,7.56375,,7.246832983,,2.249969899,,,,4.038571429,20.28909879,6.782614183,20.30185964,6.836472222,3.053740025,,,,4.553269894,,6.231861887,,,,,,,,9.4,4.05501313
3.026984087,,5.007325545,,8.319545455,7.752692308,,5.766344233,,2.081282254,,,,6.663333333,20.16374207,6.818087893,20.34266605,10.74589405,3.053740025,,,,6.383904917,,3.34188163,,,,,,,,8.92,6.1345418
2.591352584,,2.440607346,,4.651282051,5.147540984,,3.573987016,,2.327363092,,,,10.0,20.35314471,6.792151696,12.59599757,7.616336573,3.053740025,,,,6.628982733,,7.496226494,,,,,,,,8.97,
2.393058444,,2.647686257,,7.992822967,7.359322034,,5.062671318,,2.306690982,,,,9.448072289,20.51017568,6.8742808,20.72901843,5.620341828,3.053740025,,,,7.00233025,,6.922213122,,,,,,,,8.83,
3.354858684,,3.585122914,,7.79742268,7.544214876,,3.502891443,,2.310639441,,,,7.78,20.00075048,6.87867639,20.16387988,9.768629634,3.053740025,,,,4.158779,,6.380099405,,,,,,,,8.77,
3.696923147,,2.828475134,,7.9265,7.231120332,,4.446149239,,2.308239434,,,,9.8872,20.10169843,7.128520155,14.18093916,7.267506787,3.053740025,,,,6.84644795,,8.858987767,,,,,,,,8.67,
2.735933985,,3.38960306,,8.006074766,7.338132296,,4.062829003,,2.301258204,,,,7.5,19.93957086,2.511957464,19.51732641,7.596941316,3.053740025,,,,3.264297256,,8.509862493,,,,,,,,8.63,
3.615805823,,2.148089304,,8.15,7.517829457,,5.499802517,,2.31934388,,,,10.0,20.05509844,7.031651158,10.99788938,3.335062566,3.053740025,,,,10.14175454,,5.982983149,,,,,,,,8.59,
6.968368558,,3.576111304,,8.277777778,7.615352697,,6.520741226,,2.29595252,,,,6.21,11.88410594,7.4357495,16.1323678,8.078651474,3.053740025,,,,3.107726894,,7.115226813,,,,,,,,8.52,
2.124934649,,2.309964117,,8.744549763,7.905691057,,6.60671282,,2.307645613,,,,5.2275,12.10051667,7.1515035,16.29948161,9.564916806,3.053740025,,,,2.762512889,,6.106308584,,,,,,,,8.47,
3.653620513,,2.44417861,,8.18685446,7.325,,7.04200882,,2.350594017,,,,5.3025,12.1971788,7.00028465,17.42720085,8.331602931,3.053740025,,,,4.21103523,,8.223860972,,,,,,,,8.43,
2.216170842,,2.796241293,,8.101809955,7.151481481,,6.643414833,,2.265371292,,,,6.6275,12.29056942,4.055695346,16.56905225,8.614211,3.053740025,,,,5.946617049,,6.809405671,,,,,,,,8.4,
3.783455568,,6.991408926,,8.396208531,7.225,,6.538491317,,2.294940619,,,,2.679090909,13.94295667,2.090253394,18.75354159,12.09217056,3.053740025,,,,5.482648541,,8.04425377,,,,,,,,8.35,
3.487010936,,3.442724185,,8.308837209,6.934497817,,4.228782607,,2.237865625,,,,2.467142857,19.85521692,6.625643218,18.17725333,6.908176875,3.053740025,,,,6.985146656,,6.633881349,,,,,,,,8.32,
2.50417593,,3.11508801,,8.264830508,6.518218623,,4.60254471,,2.231460451,,,,2.2625,13.66819119,7.038627929,18.15823918,6.673276468,3.053740025,,,,5.916369466,,8.957124899,,,,,,,,8.28,
2.596454592,,3.208269171,,8.250638298,6.475581395,,6.158015159,,2.233779938,,,,6.04,20.27813065,7.292826939,15.89714407,7.45837148,3.053740025,,,,4.737081542,,9.205394595,,,,,,,,8.21,
5.166984925,,3.39727526,,8.324324324,6.780784314,,2.690725959,,2.230849735,,,,7.761666667,19.16547003,8.107970237,18.46472051,3.600369429,3.053740025,,,,2.622482158,,9.126152004,,,,,,,,8.16,
4.43492431,,3.292475748,,8.296153846,6.734509804,,6.900525281,,2.253035113,,,,7.567142857,20.61989941,6.865090293,14.04965983,6.796770263,3.053740025,,,,3.477345294,,7.595903025,,,,,,,,8.15,
2.566518026,,3.242439986,,8.404347826,6.698496241,,5.752523083,,2.211266068,,,,6.574,19.69692693,6.94535785,12.95618291,6.686963013,3.053740025,,,,4.571003425,,7.591185282,,,,,,,,8.2,
3.810797487,,5.295368313,,8.337004405,6.604115226,,6.188860933,,2.192317915,,,,9.5775,19.74672276,8.959618033,12.18847052,6.3796551,3.053740025,,,,2.92867232,,8.05386173,,,,,,,,8.31,
4.769836866,,2.825454134,,8.469477912,7.060474308,,4.921494656,,2.199893447,,,,4.2625,19.13237533,6.99495807,11.94827946,12.09563382,3.053740025,,,,5.209339671,,7.6205498,,,,,,,,7.87,
4.20939126,,3.047803488,,8.508583691,6.911462451,,7.712074927,,2.240035441,,,,3.5375,19.90699513,6.962109946,11.50649003,10.67145978,3.053740025,,,,4.858512483,,,,,,,,,,7.76,
3.783066024,,2.973138086,,5.121666667,5.379012346,,7.231964966,,2.238170487,,,,5.235,19.53969596,6.716771,15.48579632,6.088029239,3.053740025,,,,5.252581729,,,,,,,,,,8.61,
8.30401848,,2.782344852,,8.393243243,7.501538462,,6.869774492,,2.286501544,,,,6.593333333,19.19815964,6.677406397,19.27541912,9.50799977,3.053740025,,,,3.137656603,,,,,,,,,,8.33,
2.329004662,,10.99532865,,5.080487805,5.488,,6.366734356,,2.286681469,,,,6.9975,19.70532254,7.105653982,17.1329125,5.418118693,3.053740025,,,,8.962955833,,,,,,,,,,8.24,
5.095969051,,11.33376724,,7.857847534,7.552173913,,5.198154098,,2.270360512,,,,6.85,20.15771606,7.095610661,14.33641352,11.16662049,3.053740025,,,,8.965295656,,,,,,,,,,8.15,
2.423718216,,2.158269258,,8.755140187,7.625978648,,5.880893829,,2.224607657,,,,2.1325,19.61074896,8.807312586,11.29228599,6.1287795,3.053740025,,,,6.841320836,,,,,,,,,,8.36,
5.196108855,,6.045529972,,8.833333333,7.840839695,,4.83125475,,2.294773175,,,,3.461666667,19.7164605,7.207233717,12.12008104,7.450692694,3.053740025,,,,5.585992483,,,,,,,,,,8.59,
2.213513337,,,,8.836936937,8.041481481,,7.246722033,,2.247099663,,,,5.285,13.45655419,7.035974759,11.69924017,7.848003753,3.053740025,,,,3.406960887,,,,,,,,,,8.44,
4.369871734,,,,9.114056225,8.182239382,,7.179828361,,2.268160899,,,,2.035,11.28746667,7.549558203,11.06759289,11.69625857,3.053740025,,,,7.240221021,,,,,,,,,,8.28,
3.439220988,,,,4.934615385,5.587804878,,7.532286814,,2.2906644,,,,2.82,11.332248,4.065172456,16.95588812,11.34531309,3.053740025,,,,10.01971182,,,,,,,,,,7.81,
3.171674265,,,,4.890909091,5.515384615,,3.533114061,,2.319219055,,,,3.03,11.35266842,6.946419308,11.68521855,9.702502851,3.053740025,,,,8.677665311,,,,,,,,,,7.82,
3.653842226,,,,4.862162162,5.505405405,,6.34216135,,2.321082907,,,,10.0,16.63242588,8.14987285,18.37497412,7.316429938,3.053740025,,,,11.48831323,,,,,,,,,,12.12,
4.573779882,,,,4.978947368,5.652380952,,8.554655567,,2.281743172,,,,2.88,18.86849968,7.31960571,18.02749099,8.579216227,3.053740025,,,,7.448727883,,,,,,,,,,12.13,
2.182460886,,,,5.248514851,5.850819672,,4.453727217,,2.266322287,,,,2.26875,10.61124172,7.281425286,14.80539773,9.276437775,3.053740025,,,,9.496269922,,,,,,,,,,12.09,
5.447085132,,,,5.150420168,5.909756098,,7.294757559,,2.298149597,,,,4.62,10.64915763,7.024811164,16.93693892,7.623859125,3.053740025,,,,5.2461344,,,,,,,,,,12.366,
4.954001152,,,,5.010416667,5.643478261,,7.830997203,,2.291626457,,,,3.11,18.50541378,7.395562545,16.61806925,,3.053740025,,,,11.50786942,,,,,,,,,,12.08,
5.604946,,,,5.14556962,5.875308642,,3.280279023,,2.254270785,,,,2.29,10.66898694,7.270542897,16.36096165,,3.053740025,,,,9.396549375,,,,,,,,,,12.02,
3.511557935,,,,5.149593496,6.002272727,,6.044852559,,2.3057122,,,,2.21,10.99198013,7.893031283,14.67441014,,3.053740025,,,,7.848933049,,,,,,,,,,12.02,
3.937539157,,,,4.961538462,5.755555556,,2.595285922,,2.281409809,,,,2.684285714,12.99956154,7.024934433,15.15529827,,3.053740025,,,,10.35490795,,,,,,,,,,12.0,
2.919477015,,,,5.206779661,6.018947368,,5.786767669,,2.284782079,,,,3.0,18.73387311,7.572625881,17.37508746,,3.053740025,,,,5.466972591,,,,,,,,,,12.05,
2.009818458,,,,8.327896996,7.031889764,,4.128177639,,2.257512947,,,,3.21,18.48357139,6.870711929,14.09193482,,3.053740025,,,,5.244883657,,,,,,,,,,12.02,
3.347849358,,,,5.004545455,5.891803279,,5.748176253,,2.296461053,,,,3.09,10.50887054,6.903211276,13.76563373,,3.053740025,,,,7.902845625,,,,,,,,,,12.04,
3.99236687,,,,5.013186813,5.91010101,,3.822971517,,2.220151501,,,,2.2425,10.68115521,7.036352145,16.60195673,,3.053740025,,,,10.53945525,,,,,,,,,,12.08,
5.281331295,,,,5.078346457,5.709689922,,4.001565956,,2.256300666,,,,2.92,10.71696339,7.317815017,16.91523072,,3.053740025,,,,11.22371962,,,,,,,,,,12.03,
5.911305026,,,,6.413496933,7.088461538,,5.664640284,,2.296035095,,,,2.23,10.90768936,7.18888681,17.34897804,,3.053740025,,,,11.4416801,,,,,,,,,,12.08,
,,,,7.266229508,5.677635783,,5.959660627,,2.301413827,,,,2.32,10.79211101,7.958156421,10.60711818,,3.053740025,,,,9.714738067,,,,,,,,,,12.02,
,,,,6.969085174,5.552795031,,7.807546127,,2.30257902,,,,2.41,10.72559392,7.283096186,17.07961734,,3.053740025,,,,4.40327908,,,,,,,,,,12.0,
,,,,7.102194357,5.640372671,,6.590760903,,2.284086621,,,,2.18,10.48021119,8.630069831,17.26488517,,3.053740025,,,,8.973371403,,,,,,,,,,12.04,
,,,,7.002302632,5.866666667,,6.444233088,,2.29546867,,,,4.39,10.28384754,7.717309306,18.0980926,,3.053740025,,,,4.325287667,,,,,,,,,,12.13,
,,,,4.694509804,5.962093863,,6.055243171,,2.283235672,,,,4.39,10.61712695,6.318148878,17.91425116,,3.053740025,,,,11.85586203,,,,,,,,,,12.12,
,,,,4.933067729,6.048698885,,6.343920217,,2.242326471,,,,2.18,18.67299058,7.341475138,13.77684106,,3.053740025,,,,5.389155984,,,,,,,,,,12.54,
,,,,7.076282051,6.112951807,,6.517153919,,2.253461728,,,,2.27,19.06024039,7.898682433,11.34444686,,3.053740025,,,,5.833005717,,,,,,,,,,12.14,
,,,,4.886842105,6.138686131,,7.613493984,,2.283594836,,,,2.16,19.21927356,7.507003828,18.46580831,,3.053740025,,,,6.617567668,,,,,,,,,,12.06,
,,,,4.838697318,6.10503876,,4.020489554,,2.309467067,,,,2.79,18.54802566,7.075127448,16.93067081,,3.053740025,,,,5.612471373,,,,,,,,,,12.0,
,,,,6.905351171,6.6443769,,7.283049557,,2.329033988,,,,2.64,18.91899844,7.2445748,14.98863913,,3.053740025,,,,6.866343373,,,,,,,,,,11.99,
,,,,7.485173502,6.8,,6.156461946,,2.303770263,,,,2.900816327,19.48122571,6.829881547,18.50225891,,3.053740025,,,,9.404644705,,,,,,,,,,12.01,
,,,,4.869372694,6.248042705,,8.312862918,,2.305736243,,,,2.75877551,19.70729553,8.40111665,18.09642973,,3.053740025,,,,3.344821071,,,,,,,,,,12.06,
,,,,4.958333333,6.787068966,,7.428284115,,2.352272625,,,,2.63,19.68675394,7.718859883,18.11690562,,3.053740025,,,,6.743849869,,,,,,,,,,12.01,
,,,,4.846863469,6.445683453,,6.406593113,,2.271050548,,,,2.71,19.36038761,7.94559405,18.20721515,,3.053740025,,,,7.341287099,,,,,,,,,,12.02,
,,,,4.940530303,6.756444444,,7.031930443,,2.253566525,,,,2.63,17.9826164,9.642365017,18.3657276,,3.053740025,,,,10.82505611,,,,,,,,,,12.08,
,,,,4.891416309,6.70210084,,7.829948645,,2.253635406,,,,2.41,17.85688987,9.372122317,18.50816065,,3.053740025,,,,7.175840984,,,,,,,,,,11.96,
,,,,4.814869888,6.665250965,,7.714292787,,2.270438408,,,,2.52,18.1216906,7.222324932,18.78432633,,3.053740025,,,,7.850099013,,,,,,,,,,11.94,
,,,,4.847038328,6.694957983,,7.669329443,,2.298454503,,,,2.03,11.76609205,6.991866433,18.71664478,,3.053740025,,,,7.111809016,,,,,,,,,,11.94,
,,,,4.66745098,7.15019305,,5.485654264,,2.302396984,,,,2.42,16.99320498,6.760824917,18.96279536,,3.053740025,,,,8.498776344,,,,,,,,,,11.89,
,,,,5.261623616,7.084090909,,9.933326164,,2.272969589,,,,2.58,11.26319123,8.538888068,19.22963506,,3.053740025,,,,8.501376213,,,,,,,,,,11.96,
,,,,4.751724138,7.08907563,,6.539709148,,2.288338601,,,,2.54,17.02850222,6.877998966,19.3058568,,3.053740025,,,,7.920520361,,,,,,,,,,11.95,
,,,,4.915833333,7.125088339,,7.586984458,,2.27773906,,,,2.67,18.12910126,4.818819268,19.32929786,,3.053740025,,,,5.709773256,,,,,,,,,,11.99,
,,,,4.909266409,7.243014706,,7.442782066,,2.319735263,,,,2.09,10.53280686,6.730237997,18.95904375,,3.053740025,,,,15.42786881,,,,,,,,,,12.02,
,,,,5.047330961,7.293280632,,3.919809492,,2.29052705,,,,2.68,11.16101672,5.763230293,19.0789287,,3.053740025,,,,5.513258833,,,,,,,,,,12.01,
,,,,7.697359736,8.250909091,,7.628715026,,2.248009348,,,,2.48,17.73971086,7.212429167,19.21624709,,3.053740025,,,,11.39923092,,,,,,,,,,11.95,
,,,,8.001607717,8.736307692,,6.2262898,,2.236626428,,,,2.72,16.6494261,6.853709517,19.387113,,3.053740025,,,,7.450114787,,,,,,,,,,11.92,
,,,,8.718649518,8.804531722,,7.799703847,,2.281822252,,,,2.81,10.32834459,9.2715458,19.57788663,,3.053740025,,,,10.67355352,,,,,,,,,,11.96,
,,,,7.769508197,7.176397516,,7.449113733,,2.300190616,,,,3.11,10.22003451,3.880837516,19.97855061,,3.053740025,,,,7.293721243,,,,,,,,,,11.92,
,,,,7.786163522,6.569846154,,7.091616767,,2.253895208,,,,2.47,18.13367025,6.90927973,20.15996455,,3.053740025,,,,4.739609581,,,,,,,,,,11.95,
,,,,7.421630094,5.870061728,,11.19291438,,2.261823106,,,,2.12,15.51037712,6.718675444,19.86185208,,3.053740025,,,,10.84400393,,,,,,,,,,11.94,
,,,,6.9784375,5.154012346,,7.355282133,,2.275020858,,,,2.44,15.59387476,6.493303983,19.72187403,,3.053740025,,,,7.630062717,,,,,,,,,,11.92,
,,,,7.572727273,5.42674772,,8.105737311,,2.418033574,,,,3.33,17.58973778,9.378119918,19.50804783,,3.053740025,,,,6.774359167,,,,,,,,,,11.89,
,,,,7.580487805,5.684520124,,8.330141051,,2.2237835,,,,3.53,11.75313533,6.948958717,19.58495836,,3.053740025,,,,14.74012333,,,,,,,,,,11.92,
,,,,5.958644068,5.298939929,,8.980535033,,2.332216073,,,,2.97,15.33483956,6.26212508,18.64814839,,3.053740025,,,,6.991868233,,,,,,,,,,11.9,
,,,,5.410855263,5.121561338,,8.815640466,,2.349695005,,,,2.31,18.19236633,8.438519983,19.41346336,,3.053740025,,,,13.81296533,,,,,,,,,,11.89,
,,,,6.012237762,5.868543046,,9.143492098,,2.245694315,,,,2.6,10.68018185,8.369623133,19.35388869,,3.053740025,,,,12.74939593,,,,,,,,,,11.93,
,,,,4.93908046,5.730681818,,9.852682164,,2.23192209,,,,2.47,16.05013631,6.665287508,19.35554924,,3.053740025,,,,12.7239955,,,,,,,,,,12.43,
,,,,5.111578947,5.996949153,,8.484903213,,2.218365019,,,,2.86,10.22672442,7.235403933,19.4873656,,3.053740025,,,,13.25304902,,,,,,,,,,11.92,
,,,,7.118064516,6.492476489,,8.014131016,,2.23708934,,,,2.82,10.32868606,7.117324951,19.00224699,,3.053740025,,,,14.62540192,,,,,,,,,,11.96,
,,,,5.097864769,6.32189781,,8.656711213,,2.224783705,,,,2.35,9.970886637,7.366107917,19.64051134,,3.053740025,,,,16.71761098,,,,,,,,,,11.97,
,,,,5.282608696,6.383823529,,9.270690475,,2.230837467,,,,2.895,16.5904732,5.73847514,19.89789246,,3.053740025,,,,11.5409578,,,,,,,,,,11.95,
,,,,8.236184211,7.531692308,,,,2.245956525,,,,2.5,10.05176943,6.754542594,19.88579062,,3.053740025,,,,12.85564595,,,,,,,,,,11.99,
,,,,4.926022305,6.47250996,,,,2.276598402,,,,2.11,9.984267096,6.703617628,19.37269159,,3.053740025,,,,12.61225739,,,,,,,,,,11.98,
,,,,8.153094463,7.539365079,,,,2.281142292,,,,2.01,15.64641942,6.885999766,19.63119594,,3.053740025,,,,14.35893121,,,,,,,,,,11.99,
,,,,8.260124611,8.018181818,,,,2.35557704,,,,2.75,15.52701478,8.449845063,19.83288159,,3.053740025,,,,,,,,,,,,,,12.05,
,,,,8.322259136,8.133531157,,,,2.35269115,,,,2.67,17.42456676,6.558881853,20.75840282,,3.053740025,,,,,,,,,,,,,,11.9,
,,,,5.041489362,6.366077739,,,,2.348966861,,,,2.33,8.185669531,6.976623161,20.98451608,,3.053740025,,,,,,,,,,,,,,11.97,
,,,,6.12909699,6.80459364,,,,2.260006857,,,,2.53,9.535325556,6.598415207,21.20237378,,3.053740025,,,,,,,,,,,,,,12.0,
,,,,4.799245283,5.719215686,,,,2.381774435,,,,2.63,9.772952814,7.69113029,21.20243735,,3.053740025,,,,,,,,,,,,,,12.03,
,,,,5.063636364,6.002788845,,,,2.276919688,,,,2.5,9.288483785,6.089265773,13.11398732,,3.053740025,,,,,,,,,,,,,,11.86,
,,,,4.92,5.9625,,,,2.29008679,,,,2.2,8.926904006,6.5560344,13.96324273,,3.053740025,,,,,,,,,,,,,,11.86,
,,,,7.775641026,7.379566563,,,,2.438217726,,,,2.16,9.356460742,6.668558673,20.84912426,,3.053740025,,,,,,,,,,,,,,11.82,
,,,,8.855987055,8.759638554,,,,2.422704819,,,,2.45,9.351841946,6.573828974,20.9185538,,3.053740025,,,,,,,,,,,,,,11.86,
,,,,9.094888179,9.054938272,,,,2.431894634,,,,3.226666667,9.274270881,6.425835151,21.22678349,,3.053740025,,,,,,,,,,,,,,11.86,
,,,,8.258252427,8.073230769,,,,2.385317055,,,,3.07,8.988853075,6.28852,21.21744438,,3.053740025,,,,,,,,,,,,,,11.81,
,,,,8.975562701,9.087687688,,,,2.216445101,,,,2.74,7.954095235,6.678048695,21.24874081,,3.053740025,,,,,,,,,,,,,,11.84,
,,,,8.290553746,8.15664557,,,,2.327144941,,,,3.0,8.883842401,6.565322771,22.29484199,,3.053740025,,,,,,,,,,,,,,11.81,
,,,,8.802912621,8.522153846,,,,2.226357313,,,,2.75,9.079751908,6.586889154,22.36129632,,3.053740025,,,,,,,,,,,,,,11.89,
,,,,7.880188679,7.127329193,,,,2.25131154,,,,2.62,10.80483431,6.500068326,21.48083127,,3.053740025,,,,,,,,,,,,,,11.84,
,,,,4.967482517,6.751186441,,,,2.252723629,,,,2.78,9.5207465,6.594400566,14.97059164,,3.053740025,,,,,,,,,,,,,,11.83,
,,,,8.541639344,8.577287066,,,,2.350901334,,,,2.0325,9.491975228,6.691160905,21.47940811,,3.053740025,,,,,,,,,,,,,,11.8,
,,,,8.340484429,8.390769231,,,,2.278845564,,,,2.95,8.990142776,6.358459279,21.51402025,,3.053740025,,,,,,,,,,,,,,11.85,
,,,,7.74717608,7.49054878,,,,2.370844639,,,,2.85,8.462787718,6.132464386,21.16184543,,3.053740025,,,,,,,,,,,,,,11.87,
,,,,8.554220779,8.252484472,,,,2.22705917,,,,3.13,8.756432195,6.646950105,21.27555062,,3.053740025,,,,,,,,,,,,,,11.85,
,,,,8.161639344,7.726807229,,,,2.35929776,,,,3.12,8.862113194,6.485761086,20.92371477,,3.053740025,,,,,,,,,,,,,,11.92,
,,,,8.413880126,8.060869565,,,,2.31957793,,,,2.43,9.259736217,6.311027776,13.59627708,,3.053740025,,,,,,,,,,,,,,11.85,
,,,,8.049196141,7.443768997,,,,2.285182968,,,,3.75,7.393165149,6.748500476,20.80246246,,3.053740025,,,,,,,,,,,,,,11.87,
,,,,5.395588235,6.745985401,,,,2.344765865,,,,3.05,8.540432389,6.467514468,20.51931772,,3.053740025,,,,,,,,,,,,,,11.86,
,,,,5.545263158,6.789377289,,,,2.418658506,,,,2.89,8.925700821,6.519088691,20.69061189,,3.053740025,,,,,,,,,,,,,,11.81,
,,,,5.265168539,6.350561798,,,,2.355264783,,,,2.86,8.534013226,6.558043238,20.69596839,,3.053740025,,,,,,,,,,,,,,11.79,
,,,,5.073540856,6.217454545,,,,2.227971047,,,,2.7,9.062313591,6.402509,20.50832879,,3.053740025,,,,,,,,,,,,,,11.83,
,,,,4.946236559,6.256976744,,,,2.181278822,,,,2.67,6.993074413,6.288989838,20.82273313,,3.053740025,,,,,,,,,,,,,,11.81,
,,,,8.141275168,8.240255591,,,,2.30706793,,,,3.14,8.294506012,6.526782781,20.94264329,,3.053740025,,,,,,,,,,,,,,11.81,
,,,,4.792226148,6.14296875,,,,2.318656994,,,,3.33,8.973283089,6.402748859,18.86440714,,3.053740025,,,,,,,,,,,,,,11.78,
,,,,4.715827338,6.267293233,,,,2.327633187,,,,2.71,8.866513201,6.139911658,22.16847325,,3.053740025,,,,,,,,,,,,,,11.86,
,,,,5.21590106,6.826086957,,,,2.284610624,,,,3.89,8.726397848,6.542433328,21.83741571,,3.053740025,,,,,,,,,,,,,,11.85,
,,,,5.070486111,6.518875502,,,,2.340681125,,,,3.63,9.041587173,4.912152528,21.72602622,,3.053740025,,,,,,,,,,,,,,11.82,
,,,,5.144150943,6.272014925,,,,2.497961706,,,,3.37,8.771523576,6.811767675,21.58386108,,3.053740025,,,,,,,,,,,,,,11.85,
,,,,4.956842105,6.070722433,,,,2.308595824,,,,3.02,9.379540366,6.452727303,21.65706862,,3.053740025,,,,,,,,,,,,,,11.89,
,,,,4.926785714,6.3,,,,2.42315433,,,,3.15,8.725966303,7.004830977,22.05934656,,3.053740025,,,,,,,,,,,,,,11.93,
,,,,4.902247191,6.314754098,,,,2.181354921,,,,2.58,9.034274302,6.54684056,22.00291652,,3.053740025,,,,,,,,,,,,,,11.94,
,,,,5.092753623,6.656457565,,,,3.026439969,,,,2.91,8.165326402,6.602115164,16.32990671,,3.053740025,,,,,,,,,,,,,,11.92,
,,,,4.897879859,6.726950355,,,,2.449714486,,,,2.93,4.231700917,6.571464397,16.69166752,,3.053740025,,,,,,,,,,,,,,11.9,
,,,,7.938311688,7.536908517,,,,2.164193888,,,,2.53,5.936169184,6.57255231,22.10217397,,3.053740025,,,,,,,,,,,,,,11.85,
,,,,5.025704225,6.843027888,,,,2.508418379,,,,3.14,5.823280702,6.764299926,16.59481763,,3.053740025,,,,,,,,,,,,,,11.95,
,,,,8.119242902,8.310031348,,,,2.565657931,,,,2.04,6.336729705,6.318710045,16.4136153,,3.053740025,,,,,,,,,,,,,,11.85,
,,,,5.089811321,7.014736842,,,,2.186713643,,,,2.68,6.531379514,6.750574065,16.16915886,,3.053740025,,,,,,,,,,,,,,11.82,
,,,,4.876449275,6.706521739,,,,2.159165386,,,,2.71,7.228262673,5.861939161,16.26087035,,3.053740025,,,,,,,,,,,,,,11.89,
,,,,5.0433213,7.128571429,,,,2.891625828,,,,2.3,6.812087156,6.644829203,16.41341937,,3.053740025,,,,,,,,,,,,,,11.82,
,,,,5.101838235,7.01037037,,,,2.907126536,,,,2.408571429,6.478255345,2.745612992,21.7387793,,3.053740025,,,,,,,,,,,,,,11.79,
,,,,4.950352113,6.957971014,,,,2.511370721,,,,2.534,6.361645433,6.936119253,16.37917872,,3.053740025,,,,,,,,,,,,,,12.13,
,,,,4.978647687,7.333576642,,,,3.18214729,,,,3.15,6.746619,6.47438773,15.69290292,,3.053740025,,,,,,,,,,,,,,12.27,
,,,,4.757243816,7.289285714,,,,2.402237944,,,,2.436666667,4.691862887,6.419381863,15.21954516,,3.053740025,,,,,,,,,,,,,,12.36,
,,,,4.874169742,7.183516484,,,,2.389704005,,,,2.15,4.787442654,7.196990398,15.51674106,,3.053740025,,,,,,,,,,,,,,12.43,
,,,,5.026666667,7.281294964,,,,2.056726775,,,,2.45,4.639819132,6.888913447,15.61910771,,3.053740025,,,,,,,,,,,,,,12.34,
,,,,5.32155477,7.332592593,,,,2.217436423,,,,3.39,4.541647068,6.605308615,15.41400414,,3.053740025,,,,,,,,,,,,,,11.99,
,,,,5.365124555,7.240310078,,,,2.26816967,,,,2.97,4.458859686,7.36275452,15.17545942,,3.053740025,,,,,,,,,,,,,,12.52,
,,,,4.963468635,7.06802974,,,,2.145130479,,,,3.164545455,4.77315135,8.167790195,15.70716374,,3.053740025,,,,,,,,,,,,,,11.86,
,,,,5.062357414,7.226037736,,,,2.408635883,,,,2.94,7.414647284,7.12615715,16.37660318,,3.053740025,,,,,,,,,,,,,,11.91,
,,,,5.002867384,7.463605442,,,,2.139555452,,,,2.71,5.826374643,6.858167096,15.35270315,,3.053740025,,,,,,,,,,,,,,11.85,
,,,,4.851388889,7.362056738,,,,2.408595909,,,,2.93,5.217404564,6.439562317,15.61483545,,3.053740025,,,,,,,,,,,,,,11.8,
,,,,4.655805243,7.280071174,,,,2.488389245,,,,2.48125,4.618477423,6.540901653,15.99834467,,3.053740025,,,,,,,,,,,,,,11.93,
,,,,9.066987179,8.422121212,,,,2.573170872,,,,2.78,4.525045422,7.341518716,17.27327971,,3.053740025,,,,,,,,,,,,,,11.89,
,,,,8.566346154,8.114678899,,,,2.571305327,,,,2.314285714,4.49183131,7.293273537,18.07157884,,3.053740025,,,,,,,,,,,,,,12.48,
,,,,3.022222222,4.121052632,,,,2.521274501,,,,3.35,4.501585253,7.171730169,17.17282688,,3.053740025,,,,,,,,,,,,,,12.49,
,,,,2.532124352,5.50625,,,,2.905448825,,,,2.61,5.42333724,7.32820207,17.39376925,,3.053740025,,,,,,,,,,,,,,12.49,
,,,,2.737226277,4.989285714,,,,2.386365018,,,,2.54,7.714279581,7.003076318,16.217396,,3.053740025,,,,,,,,,,,,,,12.29,
,,,,2.982901554,6.084293194,,,,2.354336384,,,,3.22,6.847825519,8.9998966,16.7797886,,3.053740025,,,,,,,,,,,,,,11.86,
,,,,2.489208633,6.124285714,,,,2.250688609,,,,3.54,6.704785689,8.223311831,16.86475043,,3.053740025,,,,,,,,,,,,,,11.86,
,,,,2.493296089,5.394505495,,,,2.496969385,,,,2.86,4.946249159,8.970050048,22.15224167,,3.053740025,,,,,,,,,,,,,,11.83,
,,,,2.475,5.017094017,,,,2.253808955,,,,2.98,9.48784931,7.01224714,18.65898304,,3.053740025,,,,,,,,,,,,,,11.83,
,,,,2.658421053,5.069194313,,,,2.687235812,,,,2.87,9.398849522,6.891204599,18.92840202,,3.053740025,,,,,,,,,,,,,,11.84,
,,,,2.856060606,4.779555556,,,,2.954681462,,,,3.13,9.003515532,3.966476856,18.62831197,,3.053740025,,,,,,,,,,,,,,11.78,
,,,,2.670646766,4.443870968,,,,2.783905478,,,,2.22625,7.230767882,6.71032258,17.97267283,,3.053740025,,,,,,,,,,,,,,11.74,
,,,,2.355769231,5.243203883,,,,2.57644538,,,,2.99,7.946579647,7.761329141,18.67572023,,3.053740025,,,,,,,,,,,,,,11.74,
,,,,2.111290323,4.269426752,,,,2.456876346,,,,2.067142857,6.10014997,7.366170675,18.0720841,,3.053740025,,,,,,,,,,,,,,11.77,
,,,,2.13890785,4.216875,,,,2.416200575,,,,3.2,7.386568269,7.51840537,19.01775238,,3.053740025,,,,,,,,,,,,,,11.81,
,,,,2.046808511,4.0872,,,,2.524857224,,,,3.18,6.977990848,7.281060882,18.97234687,,3.053740025,,,,,,,,,,,,,,11.79,
,,,,2.273333333,4.059701493,,,,2.578161351,,,,3.11,5.790532908,10.09529425,18.80796306,,3.053740025,,,,,,,,,,,,,,11.82,
,,,,2.105226481,3.961702128,,,,2.954631963,,,,3.34,6.046369429,7.266444761,18.96353383,,3.053740025,,,,,,,,,,,,,,11.82,
,,,,2.129166667,3.911392405,,,,2.506500981,,,,3.22,6.362634648,7.032439059,18.43709101,,3.053740025,,,,,,,,,,,,,,11.84,
,,,,2.073519164,4.020535714,,,,2.380246408,,,,3.13,7.796676276,6.664452125,21.41853988,,3.053740025,,,,,,,,,,,,,,11.89,
,,,,2.079298246,3.920143885,,,,2.327274635,,,,3.4,6.157728078,9.514130354,21.7409854,,3.053740025,,,,,,,,,,,,,,11.9,
,,,,2.037676056,3.96119403,,,,2.436882349,,,,2.3,6.376618896,12.4740047,21.52164968,,3.053740025,,,,,,,,,,,,,,11.83,
,,,,2.046181818,3.899415205,,,,2.471961623,,,,3.18,6.635612351,7.542437838,22.10573243,,3.053740025,,,,,,,,,,,,,,11.85,
,,,,2.061279461,3.932954545,,,,3.018178285,,,,2.97,6.488280615,7.026758,20.33059903,,3.053740025,,,,,,,,,,,,,,11.99,
,,,,2.058163265,5.096902655,,,,2.767796913,,,,3.15,6.999323056,7.904561747,19.50718611,,3.053740025,,,,,,,,,,,,,,12.29,
,,,,2.171886121,4.037654321,,,,2.112706863,,,,3.2,7.125566172,8.237897011,18.74790178,,3.053740025,,,,,,,,,,,,,,12.33,
,,,,2.007291667,3.521830986,,,,2.602141955,,,,3.23,6.938815854,11.86205854,19.05396176,,3.053740025,,,,,,,,,,,,,,12.36,
,,,,2.66,3.54770318,,,,2.494986627,,,,3.18,7.679216294,9.307956205,18.93177138,,3.053740025,,,,,,,,,,,,,,12.44,
,,,,2.862578616,4.781785714,,,,2.436957081,,,,2.98,7.472284834,11.33142085,18.76033458,,3.053740025,,,,,,,,,,,,,,11.9,
,,,,2.003202847,4.899293286,,,,2.22615422,,,,2.94,7.591683815,,18.62906193,,3.053740025,,,,,,,,,,,,,,11.78,
,,,,2.058273381,4.86130137,,,,2.133750334,,,,2.525555556,6.762254788,,18.64391366,,3.053740025,,,,,,,,,,,,,,12.41,
,,,,2.121052632,4.591428571,,,,2.464137928,,,,2.6475,6.94740012,,18.75064489,,3.053740025,,,,,,,,,,,,,,11.72,
,,,,2.772424242,4.79347079,,,,2.214289531,,,,2.125,6.997510179,,18.49183133,,3.053740025,,,,,,,,,,,,,,11.73,
,,,,2.433449477,4.651360544,,,,2.637403038,,,,2.4,7.079423867,,18.44320152,,3.053740025,,,,,,,,,,,,,,11.72,
,,,,2.75152439,4.65631769,,,,2.544858618,,,,2.72,7.323730488,,18.1745747,,3.053740025,,,,,,,,,,,,,,11.72,
,,,,2.402614379,5.265682657,,,,2.358169608,,,,2.926666667,7.2893425,,17.79246615,,3.053740025,,,,,,,,,,,,,,11.73,
,,,,2.459271523,5.184912281,,,,2.901667069,,,,2.903333333,7.182191577,,18.05644338,,3.053740025,,,,,,,,,,,,,,11.75,
,,,,2.90310559,5.015789474,,,,2.354189466,,,,2.43,7.323013079,,17.78766925,,3.053740025,,,,,,,,,,,,,,11.76,
,,,,2.910091743,5.069615385,,,,2.441109167,,,,3.42,7.909012078,,17.68035283,,3.053740025,,,,,,,,,,,,,,11.78,
,,,,2.880555556,5.152158273,,,,2.523009379,,,,2.52,8.078358824,,17.93710212,,3.053740025,,,,,,,,,,,,,,12.18,
,,,,2.87030303,5.026408451,,,,2.400000963,,,,3.44,7.821742972,,17.75283754,,3.053740025,,,,,,,,,,,,,,12.24,
,,,,2.887687688,5.053874539,,,,2.386204102,,,,3.56,7.344397939,,17.85318432,,3.053740025,,,,,,,,,,,,,,12.34,
,,,,2.814814815,5.180754717,,,,2.431116494,,,,3.575,7.252727764,,17.22877442,,3.053740025,,,,,,,,,,,,,,11.92,
,,,,2.854411765,5.069662921,,,,2.4257917,,,,3.974,7.041756347,,17.86733976,,3.053740025,,,,,,,,,,,,,,11.81,
,,,,2.875149701,4.970036101,,,,2.324857697,,,,2.395,7.227159266,,17.99578106,,3.053740025,,,,,,,,,,,,,,11.72,
,,,,2.677917981,4.962989324,,,,2.208628842,,,,2.576875,7.505378187,,17.96358952,,3.053740025,,,,,,,,,,,,,,11.73,
,,,,2.702719033,4.876325088,,,,2.016552713,,,,2.01,7.706341057,,18.24428545,,3.053740025,,,,,,,,,,,,,,11.72,
,,,,2.674613003,4.967279412,,,,2.092652916,,,,2.08,7.871019367,,17.84988529,,3.053740025,,,,,,,,,,,,,,11.69,
,,,,2.652599388,4.881318681,,,,2.169594469,,,,2.218,7.914862908,,17.45304265,,3.053740025,,,,,,,,,,,,,,11.72,
,,,,2.644342508,4.914285714,,,,2.356098477,,,,4.72,8.000387814,,16.56165594,,3.053740025,,,,,,,,,,,,,,11.76,
,,,,2.608385093,4.765298507,,,,2.462225738,,,,4.78,7.966939971,,15.35456293,,3.053740025,,,,,,,,,,,,,,11.74,
,,,,2.610746269,4.835019455,,,,2.132220418,,,,2.51625,7.86519152,,15.26065473,,3.053740025,,,,,,,,,,,,,,11.89,
,,,,2.561180124,4.762105263,,,,2.274784088,,,,3.68,7.841337275,,17.99010629,,3.053740025,,,,,,,,,,,,,,11.79,
,,,,2.512990937,4.776951673,,,,2.004259852,,,,2.98,7.983734187,,17.95464687,,3.053740025,,,,,,,,,,,,,,11.7,
,,,,2.436555891,4.720437956,,,,2.060269772,,,,3.75,7.914211622,,16.47888986,,3.053740025,,,,,,,,,,,,,,11.71,
,,,,2.415805471,4.765034965,,,,2.118442021,,,,4.25,8.019625841,,15.8366554,,3.053740025,,,,,,,,,,,,,,11.73,
,,,,2.308653846,4.715,,,,2.192304222,,,,4.01,7.882161622,,17.83174911,,3.053740025,,,,,,,,,,,,,,11.69,
,,,,2.343113772,4.754850746,,,,2.186867846,,,,3.64,7.309000744,,16.97057608,,3.053740025,,,,,,,,,,,,,,12.2,
,,,,2.574468085,4.72080292,,,,2.811424268,,,,3.11,8.166418464,,17.28412476,,3.053740025,,,,,,,,,,,,,,12.24,
,,,,2.495665635,4.679655172,,,,2.394368069,,,,2.785,8.551837427,,17.42165474,,3.053740025,,,,,,,,,,,,,,12.33,
,,,,2.596,4.68490566,,,,2.461556743,,,,2.45,8.496161014,,18.81999968,,3.053740025,,,,,,,,,,,,,,12.34,
,,,,2.563963964,4.635740072,,,,3.271969168,,,,3.5,8.153712632,,16.59117566,,3.053740025,,,,,,,,,,,,,,12.41,
,,,,2.605405405,4.645454545,,,,2.184033501,,,,3.12,8.253050888,,16.94072384,,3.053740025,,,,,,,,,,,,,,12.33,
,,,,2.603313253,4.696551724,,,,2.190460375,,,,2.57,8.782578435,,17.97584776,,3.053740025,,,,,,,,,,,,,,12.37,
,,,,2.666366366,4.74029304,,,,2.100203902,,,,3.63,9.74312289,,19.82412351,,3.053740025,,,,,,,,,,,,,,12.34,
,,,,2.507784431,4.623420074,,,,2.111014398,,,,2.847142857,9.341203353,,17.19558406,,3.053740025,,,,,,,,,,,,,,12.37,
,,,,2.567834395,4.601145038,,,,2.172832675,,,,4.306315789,9.80074468,,17.28050211,,3.053740025,,,,,,,,,,,,,,11.92,
,,,,2.416766467,4.649438202,,,,2.303316543,,,,3.13,9.681668839,,17.65232943,,3.053740025,,,,,,,,,,,,,,11.74,
,,,,2.504255319,4.850526316,,,,2.416645332,,,,3.23,9.227420852,,17.75007612,,3.053740025,,,,,,,,,,,,,,11.85,
,,,,2.452024922,4.680882353,,,,2.405351235,,,,2.503333333,8.295680129,,17.45273035,,3.053740025,,,,,,,,,,,,,,11.8,
,,,,2.597005988,4.671684588,,,,2.108005869,,,,2.61,8.489985552,,17.77238623,,3.053740025,,,,,,,,,,,,,,11.66,
,,,,2.553333333,4.705439331,,,,2.121457338,,,,4.04,8.625561909,,17.83282012,,3.053740025,,,,,,,,,,,,,,12.32,
,,,,2.512269939,4.713636364,,,,2.173840321,,,,2.12,9.053832562,,17.56147803,,3.053740025,,,,,,,,,,,,,,12.21,
,,,,2.341033435,4.96039604,,,,2.588378814,,,,2.07,9.173229268,,17.79131503,,3.053740025,,,,,,,,,,,,,,12.3,
,,,,2.641515152,4.686446886,,,,2.560630035,,,,2.4,9.532316159,,17.2901551,,3.053740025,,,,,,,,,,,,,,12.4,
,,,,2.530395137,4.741034483,,,,2.498557744,,,,2.393333333,10.50060781,,17.55650893,,3.053740025,,,,,,,,,,,,,,12.42,
,,,,2.318430034,4.850915751,,,,2.158193001,,,,3.894705882,10.58763855,,16.88860638,,3.053740025,,,,,,,,,,,,,,12.46,
,,,,2.951111111,4.877031802,,,,2.562342689,,,,2.13,9.234105542,,16.8380061,,3.053740025,,,,,,,,,,,,,,12.4,
,,,,4.021884498,4.84862069,,,,2.360376286,,,,3.054545455,8.712465964,,16.4980159,,3.053740025,,,,,,,,,,,,,,12.33,
,,,,3.959936909,4.816226415,,,,2.523169442,,,,4.42,8.814307896,,16.73368333,,3.053740025,,,,,,,,,,,,,,12.23,
,,,,4.013803681,4.82388664,,,,2.395232147,,,,6.114,8.509086062,,17.50533147,,3.053740025,,,,,,,,,,,,,,12.31,
,,,,12.775,4.875684932,,,,2.281779943,,,,2.583333333,8.308932688,,23.87801417,,3.053740025,,,,,,,,,,,,,,12.29,
,,,,25.55,4.874385965,,,,2.271965202,,,,2.9525,8.660499494,,15.49867184,,3.053740025,,,,,,,,,,,,,,12.39,
,,,,2.92303836,5.03081571,,,,2.02953253,,,,4.61,8.375983197,,15.68930204,,3.053740025,,,,,,,,,,,,,,12.44,
,,,,7.847405974,4.735689046,,,,2.306670128,,,,2.74,9.589627736,,14.80776182,,3.053740025,,,,,,,,,,,,,,12.44,
,,,,4.505744537,4.927304965,,,,2.133930378,,,,2.59,8.84286982,,15.06605065,,3.053740025,,,,,,,,,,,,,,12.4,
,,,,3.556229514,4.981818182,,,,2.726015016,,,,2.98,8.645130155,,14.69838516,,3.053740025,,,,,,,,,,,,,,12.33,
,,,,4.030489565,4.884132841,,,,2.755799948,,,,2.803846154,8.707882627,,14.18927156,,3.053740025,,,,,,,,,,,,,,12.23,
,,,,3.845658608,4.890151515,,,,2.496775638,,,,3.375,9.035344441,,13.57037436,,3.053740025,,,,,,,,,,,,,,12.32,
,,,,3.869518137,4.860616438,,,,2.018685793,,,,2.63,9.123166196,,13.14412783,,3.053740025,,,,,,,,,,,,,,12.25,
,,,,3.851702541,4.865017668,,,,2.362050889,,,,3.38,8.901047362,,15.11231801,,3.053740025,,,,,,,,,,,,,,12.2,
,,,,3.925737274,4.821167883,,,,2.002170294,,,,2.55,8.986188328,,13.124513,,3.053740025,,,,,,,,,,,,,,12.07,
,,,,3.045688293,4.786551724,,,,2.063591373,,,,2.53,8.960809941,,14.17252201,,3.053740025,,,,,,,,,,,,,,11.66,
,,,,6.674109212,5.033333333,,,,2.262893911,,,,2.8,9.081399398,,13.43734671,,3.053740025,,,,,,,,,,,,,,11.62,
,,,,3.480629034,4.613405797,,,,2.036285684,,,,2.77,8.592569091,,14.02672037,,3.053740025,,,,,,,,,,,,,,11.8,
,,,,3.471121479,4.751636364,,,,2.027147198,,,,2.26,8.498615652,,13.37287882,,3.053740025,,,,,,,,,,,,,,11.61,
,,,,5.917730581,4.881343284,,,,2.017547013,,,,2.32,8.45037457,,13.95957262,,3.053740025,,,,,,,,,,,,,,12.09,
,,,,3.192341515,4.781273408,,,,2.360932384,,,,2.42,8.551817888,,13.85871171,,3.053740025,,,,,,,,,,,,,,12.31,
,,,,3.341247393,4.820350877,,,,2.66384848,,,,2.38,9.079421877,,13.24967675,,3.053740025,,,,,,,,,,,,,,12.33,
,,,,3.771056661,4.785283019,,,,2.023127609,,,,3.54,9.008187644,,15.28684399,,3.053740025,,,,,,,,,,,,,,12.28,
,,,,3.848716291,4.692929293,,,,2.002630146,,,,5.39,11.32164012,,14.72568946,,3.053740025,,,,,,,,,,,,,,12.12,
,,,,3.637956357,4.664505119,,,,2.678334716,,,,3.12,10.85328635,,15.80171863,,3.053740025,,,,,,,,,,,,,,11.78,
,,,,3.72654678,4.570833333,,,,2.390659865,,,,3.095,9.351364107,,16.23929422,,3.053740025,,,,,,,,,,,,,,12.15,
,,,,3.949386965,4.592708333,,,,2.345783234,,,,3.07,11.01119066,,16.2349968,,3.053740025,,,,,,,,,,,,,,11.75,
,,,,3.887467587,4.767676768,,,,2.346709283,,,,3.31,11.28612415,,16.34304925,,3.053740025,,,,,,,,,,,,,,11.76,
,,,,3.945171762,4.696453901,,,,2.355572523,,,,3.1475,11.38977059,,16.76334402,,3.053740025,,,,,,,,,,,,,,11.61,
,,,,3.869190647,4.691666667,,,,2.383681996,,,,3.35,11.40113942,,16.68572615,,3.053740025,,,,,,,,,,,,,,12.13,
,,,,4.055468211,4.753790614,,,,2.343969632,,,,3.43,11.12179175,,16.90802838,,3.053740025,,,,,,,,,,,,,,11.71,
,,,,4.180842176,4.709191176,,,,2.375197959,,,,3.44875,8.798846224,,16.94537788,,3.053740025,,,,,,,,,,,,,,12.02,
,,,,4.10249268,4.585765125,,,,2.450898039,,,,3.274285714,10.59375315,,16.08919018,,2.083498321,,,,,,,,,,,,,,12.33,
,,,,4.164184918,4.698892989,,,,2.348321586,,,,3.65,11.76897716,,16.37446626,,2.018307668,,,,,,,,,,,,,,12.43,
,,,,4.202100991,4.74893617,,,,2.670454544,,,,2.71,11.71164954,,16.54594669,,2.015799178,,,,,,,,,,,,,,12.54,
,,,,4.405646434,4.634317343,,,,2.340420607,,,,2.99125,10.88273393,,16.58556987,,2.072100846,,,,,,,,,,,,,,12.59,
,,,,4.481337496,4.633571429,,,,2.285875678,,,,2.613333333,11.41045396,,16.07490791,,2.02292893,,,,,,,,,,,,,,12.61,
,,,,4.675003968,4.653962264,,,,2.26585787,,,,3.15,11.11221772,,15.52511462,,2.021799381,,,,,,,,,,,,,,13.5,
,,,,4.749658122,4.680985915,,,,2.274554138,,,,2.995,12.14856799,,20.1210131,,2.034404213,,,,,,,,,,,,,,13.5,
,,,,4.8573993,4.552329749,,,,2.259118416,,,,3.244,11.84217164,,16.51053205,,2.037198081,,,,,,,,,,,,,,13.5,
,,,,3.017992775,4.536428571,,,,2.288048629,,,,2.78,12.79226989,,16.24772287,,2.059542531,,,,,,,,,,,,,,13.5,
,,,,3.268118535,4.510071942,,,,2.23145713,,,,3.333333333,11.5131045,,16.48274805,,2.047089279,,,,,,,,,,,,,,13.5,
,,,,3.336866726,5.821902017,,,,2.238580523,,,,3.0,11.81083805,,16.51098705,,2.082887424,,,,,,,,,,,,,,13.5,
,,,,3.496338285,3.971216617,,,,2.327639842,,,,3.233333333,11.68894438,,16.53237721,,2.01148442,,,,,,,,,,,,,,13.5,
,,,,3.565872442,3.662992126,,,,2.366880735,,,,3.2725,13.46467765,,16.69055403,,2.197817452,,,,,,,,,,,,,,13.5,
,,,,3.579099825,3.609349593,,,,2.262121663,,,,3.33375,14.60799148,,17.0117,,2.375796927,,,,,,,,,,,,,,13.5,
,,,,3.586073605,3.709929078,,,,2.224827842,,,,3.03,12.97218559,,16.80519474,,3.754285428,,,,,,,,,,,,,,13.5,
,,,,3.565323485,4.240307692,,,,2.043773323,,,,3.736666667,13.74690901,,16.66320425,,3.529469822,,,,,,,,,,,,,,13.5,
,,,,3.927150878,3.914878893,,,,2.055186016,,,,2.984,12.5956208,,16.93725691,,4.512432183,,,,,,,,,,,,,,13.5,
,,,,4.135177986,4.087227414,,,,2.110191039,,,,2.85,12.7020446,,17.20244241,,4.695596534,,,,,,,,,,,,,,13.5,
,,,,4.352736912,3.634944238,,,,2.279694505,,,,2.96,12.5096887,,17.14742574,,4.737806268,,,,,,,,,,,,,,13.5,
,,,,4.4645233,3.820547945,,,,2.342218214,,,,2.79,10.68596009,,17.17873297,,4.938315215,,,,,,,,,,,,,,13.5,
,,,,4.283246923,4.578881988,,,,2.443210161,,,,2.63,16.35970977,,17.17197317,,5.904759542,,,,,,,,,,,,,,13.5,
,,,,4.583965576,4.613981763,,,,2.350217472,,,,3.565,16.56153392,,17.29915087,,3.144948018,,,,,,,,,,,,,,13.5,
,,,,3.685028242,4.318618619,,,,2.276486957,,,,2.78,17.20589707,,17.28496271,,3.374371637,,,,,,,,,,,,,,13.5,
,,,,3.832419468,4.301796407,,,,2.285908927,,,,2.875,17.09999854,,17.72710435,,3.283774437,,,,,,,,,,,,,,13.5,
,,,,4.06371833,4.358823529,,,,2.333254383,,,,2.8,16.68820243,,17.52034343,,3.182597532,,,,,,,,,,,,,,13.5,
,,,,4.134747534,4.248773006,,,,2.033448063,,,,2.895,17.40166766,,17.17057004,,2.857735843,,,,,,,,,,,,,,13.5,
,,,,4.123357356,4.376829268,,,,2.756364868,,,,4.205,15.96185078,,17.14112305,,3.128915,,,,,,,,,,,,,,13.5,
,,,,4.039334978,4.456615385,,,,2.405008698,,,,2.7,15.65860128,,17.33188021,,2.36995334,,,,,,,,,,,,,,13.5,
,,,,4.105524493,4.258074534,,,,2.18365122,,,,2.99,16.33343048,,17.37394,,2.585616373,,,,,,,,,,,,,,13.5,
,,,,4.090672516,4.468195719,,,,2.582088366,,,,4.23,16.152657,,17.16742509,,2.9680962,,,,,,,,,,,,,,13.5,
,,,,4.142904878,4.305828221,,,,2.371520909,,,,5.0,15.83578677,,17.11797715,,2.865267679,,,,,,,,,,,,,,13.5,
,,,,4.000070632,4.376323988,,,,2.388668001,,,,4.161621622,11.93576111,,17.16939939,,3.42938208,,,,,,,,,,,,,,13.5,
,,,,4.279572282,4.410429448,,,,2.39893164,,,,4.61,11.89326433,,17.02868639,,3.364266591,,,,,,,,,,,,,,13.5,
,,,,4.438367042,4.461818182,,,,2.223953247,,,,5.13125,13.44473563,,15.66168676,,3.933730205,,,,,,,,,,,,,,13.5,
,,,,4.652257024,4.41030303,,,,2.33045958,,,,3.144,12.72540776,,15.77920806,,3.941962181,,,,,,,,,,,,,,13.5,
,,,,4.515814393,4.412345679,,,,2.331033782,,,,3.403333333,18.1332823,,15.81629893,,4.073539235,,,,,,,,,,,,,,13.5,
,,,,4.409088794,4.08429003,,,,2.331607985,,,,3.18,17.75418222,,15.66414912,,3.80281692,,,,,,,,,,,,,,13.5,
,,,,4.414379256,4.000895522,,,,2.332182188,,,,3.17,16.12807862,,16.25005956,,3.930073708,,,,,,,,,,,,,,13.5,
,,,,4.722219668,4.313719512,,,,2.332756391,,,,2.8225,16.54856916,,16.56106478,,4.332153612,,,,,,,,,,,,,,13.5,
,,,,4.033282303,4.266564417,,,,2.333330594,,,,3.76,16.59278875,,16.26515227,,4.019019501,,,,,,,,,,,,,,13.5,
,,,,3.943417653,4.353374233,,,,2.354372776,,,,2.38,15.74672417,,16.03847158,,2.061346428,,,,,,,,,,,,,,13.5,
,,,,4.207537679,4.42875,,,,2.386659455,,,,3.7,15.64585111,,15.84680221,,2.099816336,,,,,,,,,,,,,,13.5,
,,,,4.270876991,4.241690962,,,,2.381246588,,,,3.345263158,15.57780193,,15.29917483,,2.087513626,,,,,,,,,,,,,,13.5,
,,,,4.291725785,4.161445783,,,,2.122242731,,,,,15.52853539,,14.00368659,,3.324097358,,,,,,,,,,,,,,13.5,
,,,,4.434014284,4.10755287,,,,2.145745716,,,,,15.72225854,,16.41706135,,3.14217076,,,,,,,,,,,,,,13.5,
,,,,4.576866627,4.052870091,,,,2.1692487,,,,,15.9578359,,18.21230245,,3.014354755,,,,,,,,,,,,,,13.5,
,,,,4.304822281,4.05621118,,,,2.192751685,,,,,15.93706115,,17.79838605,,3.233298112,,,,,,,,,,,,,,13.5,
,,,,4.658381123,3.848961424,,,,2.21625467,,,,,15.71842434,,16.98759529,,3.835907765,,,,,,,,,,,,,,13.5,
,,,,4.411819026,4.109090909,,,,2.239757654,,,,,15.51283816,,15.51352052,,3.99373316,,,,,,,,,,,,,,13.5,
,,,,4.515293792,3.814329268,,,,2.263260639,,,,,15.56045661,,16.71978309,,3.823247904,,,,,,,,,,,,,,13.5,
,,,,4.889246011,4.271656051,,,,2.286763624,,,,,15.40892652,,12.93920542,,3.42743896,,,,,,,,,,,,,,13.5,
,,,,4.63667291,4.153680982,,,,2.310266608,,,,,15.60245545,,12.46776941,,3.573935283,,,,,,,,,,,,,,13.5,
,,,,4.688949346,3.947094801,,,,2.333769593,,,,,15.56763929,,12.22969231,,3.763187845,,,,,,,,,,,,,,13.5,
,,,,4.859728544,3.905810398,,,,2.415107686,,,,,15.95412848,,11.62286151,,4.097542648,,,,,,,,,,,,,,13.5,
,,,,4.798774727,3.783685801,,,,2.357393077,,,,,15.14894688,,11.51906062,,3.842551602,,,,,,,,,,,,,,13.5,
,,,,4.228393109,3.85327381,,,,2.351977104,,,,,15.53878032,,11.74894154,,3.95510829,,,,,,,,,,,,,,13.5,
,,,,4.425627075,3.787272727,,,,2.359229753,,,,,15.59902921,,10.47983084,,3.738591986,,,,,,,,,,,,,,13.5,
,,,,4.511207778,3.825230769,,,,2.423607298,,,,,16.02200223,,10.56825833,,3.520494819,,,,,,,,,,,,,,13.5,
,,,,4.524692914,3.702803738,,,,2.4345369,,,,,16.06622006,,10.64009785,,3.565495612,,,,,,,,,,,,,,13.5,
,,,,4.371332949,3.646366782,,,,2.363609865,,,,,16.02568275,,10.52494385,,3.696534277,,,,,,,,,,,,,,13.5,
,,,,4.244967559,2.853220339,,,,2.389866124,,,,,17.36175227,,10.38760965,,3.756269615,,,,,,,,,,,,,,13.5,
,,,,4.443308428,2.582352941,,,,2.346447274,,,,,18.60888116,,10.38129533,,4.85907,,,,,,,,,,,,,,12.6325,
,,,,4.351351306,3.262418301,,,,2.300580694,,,,,18.45482857,,10.68621724,,2.387242277,,,,,,,,,,,,,,12.28,
,,,,4.843677425,3.523642173,,,,2.234359603,,,,,17.71689771,,10.81872207,,2.719713679,,,,,,,,,,,,,,12.28,
,,,,4.561750889,3.830097087,,,,2.20887945,,,,,18.00615652,,10.82332363,,2.711041945,,,,,,,,,,,,,,12.33,
,,,,4.523182189,12.775,,,,2.274163627,,,,,19.25801667,,10.87375044,,2.702720936,,,,,,,,,,,,,,12.39,
,,,,4.39080131,25.55,,,,2.288659339,,,,,18.26043934,,14.19307571,,2.648476926,,,,,,,,,,,,,,12.45,
,,,,4.371498195,3.442580199,,,,2.218326609,,,,,18.86331395,,12.07231623,,2.621503332,,,,,,,,,,,,,,12.5,
,,,,4.393749312,4.135267492,,,,2.259109738,,,,,19.04849933,,10.18463499,,2.706380605,,,,,,,,,,,,,,12.53,
,,,,4.608983184,4.884076182,,,,2.402739756,,,,,17.84270865,,10.64001191,,2.555587927,,,,,,,,,,,,,,12.24,
,,,,4.804609755,2.01608092,,,,2.343149821,,,,,17.75067169,,10.60185936,,2.554094706,,,,,,,,,,,,,,12.29,
,,,,4.32260103,2.618717493,,,,2.361909532,,,,,16.55064369,,15.47897951,,2.895126353,,,,,,,,,,,,,,12.17,
,,,,4.374939406,6.561605535,,,,2.314844877,,,,,17.2953434,,11.01291673,,2.145295341,,,,,,,,,,,,,,12.19,
,,,,4.918254412,7.448627439,,,,2.350488981,,,,,17.91070065,,9.934122971,,4.29936659,,,,,,,,,,,,,,12.21,
,,,,4.757091552,2.342070484,,,,2.468287177,,,,,17.45054566,,10.06885314,,3.268652041,,,,,,,,,,,,,,12.24,
,,,,4.715711677,2.02258978,,,,2.417971855,,,,,18.48854096,,11.00254412,,2.231024396,,,,,,,,,,,,,,12.26,
,,,,4.837649086,2.136440055,,,,2.415484134,,,,,15.15035046,,11.61274619,,2.361016792,,,,,,,,,,,,,,12.1,
,,,,4.920175747,2.130551785,,,,2.308774203,,,,,18.39736006,,11.54435574,,4.462759683,,,,,,,,,,,,,,12.1,
,,,,4.702035404,2.116760625,,,,2.354195799,,,,,17.50641365,,11.45453245,,5.166843236,,,,,,,,,,,,,,12.15,
,,,,4.671515589,2.061385155,,,,2.409201987,,,,,17.97538311,,10.9192205,,4.505426517,,,,,,,,,,,,,,12.2,
,,,,4.794554304,2.16245453,,,,2.368678541,,,,,18.24600635,,10.38148306,,4.906269729,,,,,,,,,,,,,,11.79,
,,,,5.170221051,2.192413262,,,,2.422683399,,,,,18.99099747,,12.61734598,,4.654591384,,,,,,,,,,,,,,11.68,
,,,,5.355905571,2.057458067,,,,2.343461019,,,,,18.30835841,,10.96744163,,4.849628189,,,,,,,,,,,,,,11.57,
,,,,4.913481487,2.036837339,,,,2.437149822,,,,,18.62956921,,10.9063672,,3.953363282,,,,,,,,,,,,,,11.67,
,,,,4.822466595,2.097090046,,,,2.371643508,,,,,19.3958414,,9.01015657,,4.005565652,,,,,,,,,,,,,,11.69,
,,,,4.856810042,2.1448723,,,,2.367265746,,,,,18.41065719,,8.210587341,,4.643370665,,,,,,,,,,,,,,11.66,
,,,,4.810341309,2.067686032,,,,2.411119767,,,,,19.11454863,,8.865736994,,2.140657295,,,,,,,,,,,,,,12.15,
,,,,4.535035105,2.120742957,,,,2.420268302,,,,,18.42835226,,9.026072674,,2.874172771,,,,,,,,,,,,,,11.75,
,,,,4.510518645,2.194073508,,,,2.385868644,,,,,19.61421827,,10.89402235,,2.745477647,,,,,,,,,,,,,,11.97,
,,,,4.042850544,2.237378298,,,,2.456770345,,,,,19.22213579,,10.46930063,,2.705537308,,,,,,,,,,,,,,11.99,
,,,,4.02332323,2.06245527,,,,2.401560532,,,,,19.04209712,,10.67690126,,2.471133324,,,,,,,,,,,,,,12.02,
,,,,4.583039636,2.250694919,,,,2.306396261,,,,,18.39967418,,10.27749613,,2.697509921,,,,,,,,,,,,,,12.06,
,,,,4.608192067,2.229041699,,,,2.338886603,,,,,17.91186598,,10.56144548,,3.07888911,,,,,,,,,,,,,,12.07,
,,,,4.16309783,2.209803508,,,,2.374403362,,,,,23.26290197,,10.17499004,,3.45026555,,,,,,,,,,,,,,12.11,
,,,,4.141510167,2.307029689,,,,2.373235864,,,,,11.26862314,,10.72129871,,2.023844839,,,,,,,,,,,,,,12.14,
,,,,4.289441043,2.102117714,,,,2.378158245,,,,,11.95199511,,11.12112027,,2.003864569,,,,,,,,,,,,,,12.16,
,,,,4.285289871,2.010592461,,,,2.405532987,,,,,14.37203707,,10.60084659,,2.854718991,,,,,,,,,,,,,,12.18,
,,,,4.206512059,2.020955579,,,,2.372633598,,,,,14.04885634,,10.26285324,,2.731708488,,,,,,,,,,,,,,12.22,
,,,,4.613230249,2.018333744,,,,2.391341527,,,,,14.28338128,,13.6415373,,2.745577991,,,,,,,,,,,,,,12.24,
,,,,4.568634256,2.107370736,,,,2.42448195,,,,,14.54906946,,10.72870433,,2.441986881,,,,,,,,,,,,,,12.29,
,,,,4.717006824,2.082608477,,,,2.435842367,,,,,15.11467086,,11.31160407,,2.851629952,,,,,,,,,,,,,,12.23,
,,,,4.893835103,2.094919534,,,,2.457106401,,,,,14.61635515,,12.62111175,,2.254563555,,,,,,,,,,,,,,12.25,
,,,,4.794882023,2.117886886,,,,2.393416539,,,,,14.55728571,,11.08314983,,2.550962457,,,,,,,,,,,,,,12.28,
,,,,4.258901946,2.021096177,,,,2.451615517,,,,,14.49138145,,12.35973286,,2.346668991,,,,,,,,,,,,,,12.02,
,,,,4.289826738,2.164167786,,,,2.381536967,,,,,14.48824656,,13.44736629,,3.025155302,,,,,,,,,,,,,,11.63,
,,,,4.506027067,2.106225215,,,,2.419123571,,,,,14.70604947,,12.30514786,,2.605692335,,,,,,,,,,,,,,11.96,
,,,,4.573179273,2.203154026,,,,2.403424668,,,,,15.27748939,,12.42623815,,3.581224407,,,,,,,,,,,,,,11.71,
,,,,4.595337784,2.215720892,,,,2.411569385,,,,,14.61129966,,12.64274169,,4.362609685,,,,,,,,,,,,,,11.4736,
,,,,4.946452308,2.285313668,,,,2.398462165,,,,,14.5755316,,10.23940517,,3.743956192,,,,,,,,,,,,,,11.61,
,,,,5.021445857,2.412126894,,,,2.392307281,,,,,14.65642444,,10.29833087,,4.023927936,,,,,,,,,,,,,,11.56,
,,,,5.389149871,2.026729609,,,,2.410830303,,,,,14.57578405,,12.37013761,,4.024635939,,,,,,,,,,,,,,11.59,
,,,,4.433747515,2.045659569,,,,2.440596889,,,,,15.15002699,,11.28679023,,3.959643489,,,,,,,,,,,,,,11.5,
,,,,4.338479809,2.045554015,,,,2.329815169,,,,,15.19607522,,12.62144771,,3.235514965,,,,,,,,,,,,,,11.53,
,,,,3.862271686,2.109699315,,,,2.357370621,,,,,15.19822327,,12.48182197,,3.27668325,,,,,,,,,,,,,,11.88,
,,,,3.940861231,2.227880686,,,,2.382639024,,,,,15.13462512,,13.86607816,,3.970397445,,,,,,,,,,,,,,11.85,
,,,,4.023249549,2.555419933,,,,2.353802352,,,,,14.63143951,,14.59171404,,3.976804523,,,,,,,,,,,,,,11.37,
,,,,3.714607927,6.14392586,,,,2.371741735,,,,,14.41849256,,12.87449446,,3.896235038,,,,,,,,,,,,,,11.81,
,,,,3.705377361,2.882003077,,,,2.352344131,,,,,14.42104239,,11.50811963,,3.625969418,,,,,,,,,,,,,,11.67,
,,,,3.513478744,9.099775605,,,,2.372989134,,,,,14.49875,,14.28489569,,2.75850856,,,,,,,,,,,,,,11.84,
,,,,3.664940986,8.792059259,,,,2.378199515,,,,,14.45639856,,12.32534653,,2.037885961,,,,,,,,,,,,,,11.32,
,,,,3.736752376,9.195512422,,,,2.364474348,,,,,14.68290693,,13.07691014,,2.064688607,,,,,,,,,,,,,,11.33,
,,,,3.82779444,2.414522679,,,,2.42227808,,,,,14.96292835,,14.31321971,,2.071478372,,,,,,,,,,,,,,11.37,
,,,,3.835156942,9.046297704,,,,2.467197586,,,,,14.47281592,,15.78100341,,2.004464616,,,,,,,,,,,,,,11.31,
,,,,4.092253872,8.240235183,,,,2.416353191,,,,,14.87783777,,10.61188478,,4.1347449,,,,,,,,,,,,,,11.34,
,,,,4.061337441,8.082587063,,,,2.546158361,,,,,13.8933901,,14.7420177,,3.185471327,,,,,,,,,,,,,,11.34,
,,,,4.077177926,8.049986,,,,2.452204197,,,,,14.17068294,,13.88623608,,3.262974833,,,,,,,,,,,,,,11.32,
,,,,4.066972067,8.177657356,,,,2.440379853,,,,,14.91987746,,14.50930802,,3.944489708,,,,,,,,,,,,,,11.37,
,,,,4.385182397,8.3958715,,,,2.459650223,,,,,10.77961931,,14.57885439,,2.498174708,,,,,,,,,,,,,,11.39,
,,,,3.985370435,8.672981667,,,,2.488421128,,,,,13.87365584,,14.76566215,,2.434320595,,,,,,,,,,,,,,11.23,
,,,,4.031303676,12.00367807,,,,2.462035131,,,,,13.79575187,,13.8256983,,2.394853521,,,,,,,,,,,,,,11.22,
,,,,4.579378969,13.14251434,,,,2.512758756,,,,,14.11280628,,14.05568446,,2.845886941,,,,,,,,,,,,,,11.24,
,,,,3.708121583,13.00452515,,,,2.470751544,,,,,13.23633857,,15.39944686,,3.809178129,,,,,,,,,,,,,,11.21,
,,,,4.563612846,10.89952673,,,,2.456813976,,,,,13.33524155,,16.22907857,,2.873203359,,,,,,,,,,,,,,11.51,
,,,,4.606829564,10.89608539,,,,2.446049625,,,,,13.1062804,,15.99408876,,2.367817287,,,,,,,,,,,,,,11.43,
,,,,4.656551002,13.12220356,,,,2.417972737,,,,,13.20629659,,15.33534028,,2.280660289,,,,,,,,,,,,,,11.44,
,,,,3.915909943,13.32779039,,,,2.518109078,,,,,13.27721571,,12.5847298,,2.736387289,,,,,,,,,,,,,,11.5,
,,,,3.906884205,12.6845182,,,,2.447817635,,,,,13.30472108,,12.43365468,,3.987466989,,,,,,,,,,,,,,11.68,
,,,,4.071884375,12.27703881,,,,2.476746116,,,,,13.70134615,,9.669423246,,2.919551663,,,,,,,,,,,,,,11.16,
,,,,4.193393784,12.79259739,,,,2.44695437,,,,,14.00557578,,15.03942486,,2.721712682,,,,,,,,,,,,,,11.13,
,,,,4.169021009,12.95455831,,,,2.465935729,,,,,13.43393396,,12.57985473,,3.154765914,,,,,,,,,,,,,,11.32,
,,,,4.183589577,9.815594829,,,,2.472405233,,,,,13.31689595,,12.24614638,,3.644050819,,,,,,,,,,,,,,11.14,
,,,,4.186257286,13.48864735,,,,2.472189628,,,,,13.42737881,,12.86819971,,3.742474534,,,,,,,,,,,,,,11.01,
,,,,4.199069146,13.87239367,,,,2.596713531,,,,,13.33041483,,13.88131862,,3.342789006,,,,,,,,,,,,,,11.06,
,,,,4.090287613,11.02346704,,,,2.527414683,,,,,13.31262176,,14.47166335,,3.413470109,,,,,,,,,,,,,,11.01,
,,,,3.823675811,8.6669135,,,,2.507228757,,,,,14.41408205,,9.861964433,,3.270925003,,,,,,,,,,,,,,11.05,
,,,,3.465324623,8.120625231,,,,2.539386666,,,,,13.56778462,,13.81581595,,2.978824966,,,,,,,,,,,,,,11.07,
,,,,3.672795017,10.31423778,,,,2.516751581,,,,,13.30838095,,16.01728847,,2.797456416,,,,,,,,,,,,,,11.12,
,,,,3.612024683,8.395529248,,,,2.541694937,,,,,13.53880163,,16.88663265,,3.021966775,,,,,,,,,,,,,,10.96,
,,,,3.746298723,11.17082046,,,,2.550669169,,,,,13.51085934,,16.67929331,,3.245273551,,,,,,,,,,,,,,11.33,
,,,,3.745832073,10.46633735,,,,2.496383061,,,,,13.05912422,,17.26554357,,2.667466003,,,,,,,,,,,,,,10.94,
,,,,3.750540758,10.92951943,,,,2.408947448,,,,,12.90099515,,16.54778216,,3.363800341,,,,,,,,,,,,,,11.35,
,,,,3.573718358,10.14690508,,,,2.509605298,,,,,13.81288578,,16.75957159,,2.753017932,,,,,,,,,,,,,,11.21,
,,,,3.316668943,14.56891705,,,,2.536749736,,,,,13.82412214,,17.45660061,,3.532011421,,,,,,,,,,,,,,11.11,
,,,,3.352460101,15.04247464,,,,2.425967803,,,,,13.86754466,,10.32255339,,3.990693238,,,,,,,,,,,,,,10.87,
,,,,3.517005004,14.07806323,,,,2.437895404,,,,,12.10698207,,11.51545364,,3.449291771,,,,,,,,,,,,,,11.13,
,,,,3.557687071,10.50967785,,,,2.460008901,,,,,12.19677711,,18.17205052,,2.934736869,,,,,,,,,,,,,,10.95,
,,,,3.647542502,7.52544075,,,,2.53134866,,,,,11.89474961,,17.10715745,,3.093968536,,,,,,,,,,,,,,10.93,
,,,,3.596549314,15.67396949,,,,2.580264596,,,,,11.9012,,15.38771328,,3.247127221,,,,,,,,,,,,,,10.85,
,,,,3.607422025,19.45639264,,,,2.519072273,,,,,11.66445468,,15.00123897,,3.672498391,,,,,,,,,,,,,,10.9,
,,,,3.863241893,19.65967339,,,,2.359398087,,,,,11.69944694,,15.04404278,,3.991000398,,,,,,,,,,,,,,10.82,
,,,,3.825591034,19.56366386,,,,2.407240319,,,,,11.47704426,,16.2824196,,3.689374827,,,,,,,,,,,,,,10.87,
,,,,3.897990868,19.56032657,,,,2.441023296,,,,,11.5750288,,16.58884972,,2.951920169,,,,,,,,,,,,,,11.05,
,,,,3.86479938,5.83791233,,,,2.483932288,,,,,11.67738651,,10.58606176,,2.98940087,,,,,,,,,,,,,,11.2,
,,,,3.930683955,18.19637845,,,,2.457724234,,,,,12.30832786,,10.6663078,,2.773129263,,,,,,,,,,,,,,10.93,
,,,,3.880465812,11.18617645,,,,2.452935576,,,,,10.99409227,,15.18629261,,2.945827012,,,,,,,,,,,,,,10.79,
,,,,3.725263825,14.08445556,,,,2.511226951,,,,,12.58716906,,14.52721429,,2.613010523,,,,,,,,,,,,,,11.07,
,,,,3.507782539,13.5128897,,,,2.439817981,,,,,12.48671224,,15.29747199,,3.329138579,,,,,,,,,,,,,,10.82,
,,,,3.498409816,18.85779413,,,,2.401014752,,,,,12.27695385,,15.37161036,,3.194969532,,,,,,,,,,,,,,10.69,
,,,,3.401592542,17.56383438,,,,2.374677689,,,,,12.48000372,,14.39352986,,2.914390067,,,,,,,,,,,,,,10.98,
,,,,3.667885735,13.56287385,,,,2.398254607,,,,,9.49228307,,14.21298159,,2.964801193,,,,,,,,,,,,,,10.59,
,,,,3.707420734,18.7048724,,,,2.410057707,,,,,12.00088758,,10.88891735,,3.897621158,,,,,,,,,,,,,,10.72,
,,,,3.679194861,13.11948375,,,,2.418309874,,,,,10.67561735,,17.67327514,,2.584753991,,,,,,,,,,,,,,10.69,
,,,,3.779092358,13.21337284,,,,2.412987355,,,,,11.49771792,,15.26958555,,2.67011467,,,,,,,,,,,,,,10.68,
,,,,3.890494927,13.20095046,,,,2.436876289,,,,,11.22532273,,10.93079435,,3.421473484,,,,,,,,,,,,,,11.04,
,,,,3.88365573,13.3162426,,,,2.42729012,,,,,10.56353073,,13.65687009,,3.33656345,,,,,,,,,,,,,,10.95,
,,,,3.906662848,13.22875679,,,,2.501173444,,,,,10.36807524,,10.26667889,,3.023522442,,,,,,,,,,,,,,10.64,
,,,,3.927861377,13.07918677,,,,2.460332385,,,,,9.863620793,,10.36926624,,2.724777324,,,,,,,,,,,,,,10.66,
,,,,3.877591427,19.11677101,,,,2.538052271,,,,,9.861112304,,14.63954726,,3.234295103,,,,,,,,,,,,,,10.66,
,,,,3.885017302,19.45230178,,,,2.570890812,,,,,10.23390788,,14.80554661,,2.900550637,,,,,,,,,,,,,,10.56,
,,,,3.6775445,19.63025103,,,,2.443283388,,,,,10.09645758,,12.15598343,,2.710850578,,,,,,,,,,,,,,10.54,
,,,,3.634117214,19.56604659,,,,2.475963947,,,,,9.856156761,,11.94644886,,3.098298935,,,,,,,,,,,,,,10.59,
,,,,3.631851095,19.38445858,,,,2.561150281,,,,,9.735757826,,12.09721286,,3.3337359,,,,,,,,,,,,,,10.55,
,,,,3.600711026,19.48818971,,,,2.446448326,,,,,9.798329683,,10.48445103,,3.334604,,,,,,,,,,,,,,10.52,
,,,,3.857917304,19.51099123,,,,2.532438049,,,,,10.05385567,,10.65889755,,3.000453371,,,,,,,,,,,,,,10.48,
,,,,3.662181332,19.77801328,,,,2.523951058,,,,,10.1487605,,10.71482525,,3.534382862,,,,,,,,,,,,,,10.55,
,,,,3.787713138,19.47997105,,,,2.462285244,,,,,10.29204402,,10.56519358,,2.987244497,,,,,,,,,,,,,,10.55,
,,,,3.964523459,19.56686477,,,,2.496230775,,,,,10.22254152,,11.72218258,,3.066802722,,,,,,,,,,,,,,10.55,
,,,,4.100401537,20.27645285,,,,2.503824251,,,,,7.420880254,,18.31796254,,3.040315894,,,,,,,,,,,,,,10.54,
,,,,4.046416447,14.11918757,,,,2.485839042,,,,,6.971028116,,10.18962553,,2.84778783,,,,,,,,,,,,,,10.53,
,,,,4.29700057,19.85147733,,,,2.402306379,,,,,6.573245434,,17.45039551,,2.627553267,,,,,,,,,,,,,,10.55,
,,,,4.051033317,14.05934473,,,,2.524129456,,,,,9.639145041,,14.27656829,,2.683727442,,,,,,,,,,,,,,10.54,
,,,,4.035575857,13.38432153,,,,2.377926427,,,,,9.992532849,,17.89597464,,2.790471853,,,,,,,,,,,,,,10.51163265,
,,,,3.956480778,13.7272551,,,,2.362046725,,,,,10.96729707,,10.13117495,,2.50665313,,,,,,,,,,,,,,10.46755102,
,,,,3.692281467,12.14246548,,,,2.480287658,,,,,10.4243125,,15.4868796,,2.374724442,,,,,,,,,,,,,,10.46,
,,,,3.899412362,12.22064833,,,,2.639953927,,,,,6.782700239,,15.25322479,,2.313301629,,,,,,,,,,,,,,10.46,
,,,,3.914950391,12.30033887,,,,2.476995523,,,,,6.509843168,,10.46646154,,2.517470476,,,,,,,,,,,,,,2.578235294,
,,,,4.06486438,12.55280893,,,,2.265211894,,,,,6.72038825,,14.24959205,,2.502606147,,,,,,,,,,,,,,4.638888889,
,,,,4.07460422,12.25367036,,,,2.230007613,,,,,10.50761138,,13.3906073,,2.431617822,,,,,,,,,,,,,,,
,,,,3.882636155,12.76008198,,,,2.213159252,,,,,10.33644157,,13.99248442,,2.49157184,,,,,,,,,,,,,,,
,,,,3.855156748,13.11757006,,,,2.264064386,,,,,6.75331066,,13.55415674,,2.620937281,,,,,,,,,,,,,,,
,,,,4.335723459,12.46098182,,,,2.230715154,,,,,6.739141751,,13.76989045,,2.858099164,,,,,,,,,,,,,,,
,,,,4.145126591,12.94027798,,,,2.246761201,,,,,6.843328885,,13.89077379,,2.507216956,,,,,,,,,,,,,,,
,,,,4.101267805,19.69078328,,,,2.381035225,,,,,7.089560235,,17.39403229,,2.396863509,,,,,,,,,,,,,,,
,,,,4.033163071,13.65309794,,,,2.373241548,,,,,6.764574349,,13.16731095,,2.542505198,,,,,,,,,,,,,,,
,,,,4.114643544,13.01400653,,,,2.31988356,,,,,6.84560526,,10.56785102,,2.733983087,,,,,,,,,,,,,,,
,,,,4.129866227,13.86211341,,,,2.338783467,,,,,6.60109754,,10.99079497,,3.218578656,,,,,,,,,,,,,,,
,,,,3.772800225,14.59929273,,,,2.348647517,,,,,6.348241118,,12.84520221,,3.345165971,,,,,,,,,,,,,,,
,,,,3.046375909,13.88263381,,,,2.3269282,,,,,6.129482173,,12.53639391,,3.389245362,,,,,,,,,,,,,,,
,,,,3.215382816,15.24357835,,,,2.319167468,,,,,5.898305016,,17.40155395,,3.94784849,,,,,,,,,,,,,,,
,,,,3.38338896,13.77966812,,,,2.384414225,,,,,10.21667936,,13.93196979,,3.381604095,,,,,,,,,,,,,,,
,,,,3.420203884,13.78289644,,,,2.420894508,,,,,6.355235637,,10.87272603,,2.64986677,,,,,,,,,,,,,,,
,,,,3.303909724,12.92850181,,,,,,,,,6.038765422,,10.59433783,,2.97410313,,,,,,,,,,,,,,,
,,,,3.748749179,21.04429908,,,,,,,,,5.838483144,,10.48698829,,3.024778877,,,,,,,,,,,,,,,
,,,,3.685743905,19.98288533,,,,,,,,,5.594666328,,12.95475299,,2.651790501,,,,,,,,,,,,,,,
,,,,3.766803226,20.27824065,,,,,,,,,9.769707953,,14.48424209,,2.761102631,,,,,,,,,,,,,,,
,,,,4.875178303,19.75717844,,,,,,,,,9.850897006,,16.67153465,,3.071588349,,,,,,,,,,,,,,,
,,,,3.595177342,20.2848924,,,,,,,,,9.950010697,,10.51208272,,3.203195632,,,,,,,,,,,,,,,
,,,,3.629490553,20.58178083,,,,,,,,,9.983777576,,12.706075,,2.919430753,,,,,,,,,,,,,,,
,,,,3.63861914,10.85444371,,,,,,,,,9.738667658,,18.51965042,,,,,,,,,,,,,,,,,
,,,,3.560006233,12.73068426,,,,,,,,,9.521404206,,16.04727067,,,,,,,,,,,,,,,,,
,,,,3.543248465,12.81665491,,,,,,,,,9.864770619,,10.17676215,,,,,,,,,,,,,,,,,
,,,,3.6049323,12.99048105,,,,,,,,,10.40753059,,10.31347201,,,,,,,,,,,,,,,,,
,,,,3.651591687,13.44454063,,,,,,,,,6.777945968,,10.37429829,,,,,,,,,,,,,,,,,
,,,,4.136972376,21.23741227,,,,,,,,,6.007686837,,12.75735514,,,,,,,,,,,,,,,,,
,,,,4.190213813,20.88853727,,,,,,,,,6.36267202,,10.29451144,,,,,,,,,,,,,,,,,
,,,,3.651120195,20.45301205,,,,,,,,,6.758095737,,10.44885244,,,,,,,,,,,,,,,,,
,,,,3.870430555,21.23139907,,,,,,,,,6.515183523,,10.31090235,,,,,,,,,,,,,,,,,
,,,,3.922040674,21.12253634,,,,,,,,,6.7558734,,18.24483484,,,,,,,,,,,,,,,,,
,,,,3.843400852,20.70992796,,,,,,,,,6.843093925,,10.52867045,,,,,,,,,,,,,,,,,
,,,,3.864819803,19.7148852,,,,,,,,,9.517733476,,10.62269435,,,,,,,,,,,,,,,,,
,,,,3.874749484,13.69782986,,,,,,,,,9.549440469,,10.79121785,,,,,,,,,,,,,,,,,
,,,,4.151320909,12.0853685,,,,,,,,,7.089205292,,10.63797264,,,,,,,,,,,,,,,,,
,,,,6.235103646,20.1577848,,,,,,,,,6.51086549,,19.5317361,,,,,,,,,,,,,,,,,
,,,,4.066835515,15.08627588,,,,,,,,,6.517519933,,11.35415615,,,,,,,,,,,,,,,,,
,,,,9.295061674,15.19963571,,,,,,,,,6.541979728,,16.14350056,,,,,,,,,,,,,,,,,
,,,,4.352926865,20.8853741,,,,,,,,,6.707216934,,11.35948479,,,,,,,,,,,,,,,,,
,,,,4.747968443,15.42082768,,,,,,,,,6.715711522,,11.35502063,,,,,,,,,,,,,,,,,
,,,,5.79011165,15.95225873,,,,,,,,,6.624532118,,11.478287,,,,,,,,,,,,,,,,,
,,,,4.378199024,15.87220298,,,,,,,,,6.46000264,,11.30219839,,,,,,,,,,,,,,,,,
,,,,3.374062761,15.4343895,,,,,,,,,6.895566823,,20.18691988,,,,,,,,,,,,,,,,,
,,,,5.297462965,14.75593927,,,,,,,,,7.014614507,,14.33964563,,,,,,,,,,,,,,,,,
,,,,5.985237706,14.37277733,,,,,,,,,6.975723311,,11.46521656,,,,,,,,,,,,,,,,,
,,,,6.913603969,15.08638567,,,,,,,,,6.696798893,,11.35926213,,,,,,,,,,,,,,,,,
,,,,7.114101508,19.52914202,,,,,,,,,6.84820703,,11.58453571,,,,,,,,,,,,,,,,,
,,,,6.969190303,16.04751056,,,,,,,,,9.8217933,,11.49411197,,,,,,,,,,,,,,,,,
,,,,4.956073238,16.40888377,,,,,,,,,7.034471558,,11.64728599,,,,,,,,,,,,,,,,,
,,,,8.938000544,21.81557069,,,,,,,,,6.684683094,,11.43169286,,,,,,,,,,,,,,,,,
,,,,9.551381084,16.8583006,,,,,,,,,7.10532156,,11.43786569,,,,,,,,,,,,,,,,,
,,,,9.433088,16.12125942,,,,,,,,,7.012596398,,11.65215975,,,,,,,,,,,,,,,,,
,,,,9.244667329,15.27215429,,,,,,,,,7.166989817,,11.03562241,,,,,,,,,,,,,,,,,
,,,,4.552904888,21.41415182,,,,,,,,,6.862219479,,11.32320536,,,,,,,,,,,,,,,,,
,,,,8.087675663,21.24350334,,,,,,,,,6.903547656,,11.61992638,,,,,,,,,,,,,,,,,
,,,,6.019416353,21.14424551,,,,,,,,,7.150663825,,11.34916958,,,,,,,,,,,,,,,,,
,,,,12.37773711,21.38109716,,,,,,,,,7.40895075,,11.45012133,,,,,,,,,,,,,,,,,
,,,,11.33148862,21.06472991,,,,,,,,,7.463293909,,11.63564594,,,,,,,,,,,,,,,,,
,,,,6.362339464,20.71853799,,,,,,,,,7.373558896,,11.61933281,,,,,,,,,,,,,,,,,
,,,,6.419502381,20.68013142,,,,,,,,,7.02447534,,,,,,,,,,,,,,,,,,,
,,,,12.01718509,20.83825331,,,,,,,,,7.013957763,,,,,,,,,,,,,,,,,,,
,,,,8.389157626,20.4137825,,,,,,,,,9.655267754,,,,,,,,,,,,,,,,,,,
,,,,12.09652296,20.28251175,,,,,,,,,7.272609642,,,,,,,,,,,,,,,,,,,
,,,,11.64429213,19.78805643,,,,,,,,,6.921633233,,,,,,,,,,,,,,,,,,,
,,,,11.41703587,20.06292226,,,,,,,,,6.937878,,,,,,,,,,,,,,,,,,,
,,,,11.72218085,19.75280776,,,,,,,,,7.133548855,,,,,,,,,,,,,,,,,,,
,,,,12.01940315,14.16683054,,,,,,,,,7.278092337,,,,,,,,,,,,,,,,,,,
,,,,12.63345647,19.11728845,,,,,,,,,7.420505574,,,,,,,,,,,,,,,,,,,
,,,,6.900502312,18.81000402,,,,,,,,,9.597179327,,,,,,,,,,,,,,,,,,,
,,,,8.368655958,15.32083214,,,,,,,,,7.284328063,,,,,,,,,,,,,,,,,,,
,,,,8.899667619,15.09965149,,,,,,,,,7.354819197,,,,,,,,,,,,,,,,,,,
,,,,8.84454905,13.28822886,,,,,,,,,7.387029038,,,,,,,,,,,,,,,,,,,
,,,,8.443643313,14.90907708,,,,,,,,,7.386609359,,,,,,,,,,,,,,,,,,,
,,,,8.499166779,13.08875259,,,,,,,,,7.623909519,,,,,,,,,,,,,,,,,,,
,,,,8.209244222,13.23905301,,,,,,,,,7.571742313,,,,,,,,,,,,,,,,,,,
,,,,8.594417363,12.49752665,,,,,,,,,7.63073785,,,,,,,,,,,,,,,,,,,
,,,,8.041224783,12.40227557,,,,,,,,,7.716094081,,,,,,,,,,,,,,,,,,,
,,,,7.616973333,12.14286192,,,,,,,,,9.318909219,,,,,,,,,,,,,,,,,,,
,,,,7.663709354,13.41540852,,,,,,,,,8.733439612,,,,,,,,,,,,,,,,,,,
,,,,14.08971782,14.36071358,,,,,,,,,7.244390201,,,,,,,,,,,,,,,,,,,
,,,,7.676937217,14.56100261,,,,,,,,,7.242910883,,,,,,,,,,,,,,,,,,,
,,,,14.22550847,13.96220557,,,,,,,,,7.069177941,,,,,,,,,,,,,,,,,,,
,,,,13.71240514,14.21654569,,,,,,,,,8.019728309,,,,,,,,,,,,,,,,,,,
,,,,14.31354126,14.5741688,,,,,,,,,8.108155952,,,,,,,,,,,,,,,,,,,
,,,,12.97269157,13.835149,,,,,,,,,7.578334142,,,,,,,,,,,,,,,,,,,
,,,,12.97254065,11.5107142,,,,,,,,,7.34444052,,,,,,,,,,,,,,,,,,,
,,,,13.19473166,14.49283559,,,,,,,,,9.634674536,,,,,,,,,,,,,,,,,,,
,,,,13.16857756,19.55498712,,,,,,,,,9.848232532,,,,,,,,,,,,,,,,,,,
,,,,13.49851585,19.22987932,,,,,,,,,7.919027803,,,,,,,,,,,,,,,,,,,
,,,,13.59398363,12.58454118,,,,,,,,,7.868304834,,,,,,,,,,,,,,,,,,,
,,,,14.09326619,12.48909683,,,,,,,,,7.756627855,,,,,,,,,,,,,,,,,,,
,,,,13.821188,11.94877398,,,,,,,,,7.422161183,,,,,,,,,,,,,,,,,,,
,,,,13.39610549,11.7909481,,,,,,,,,7.600840431,,,,,,,,,,,,,,,,,,,
,,,,11.71213649,12.74617267,,,,,,,,,7.489274304,,,,,,,,,,,,,,,,,,,
,,,,14.60626171,13.72504412,,,,,,,,,9.958714698,,,,,,,,,,,,,,,,,,,
,,,,15.10848457,13.93813964,,,,,,,,,6.673581766,,,,,,,,,,,,,,,,,,,
,,,,14.63336772,14.226825,,,,,,,,,7.267349685,,,,,,,,,,,,,,,,,,,
,,,,15.60477692,14.45294364,,,,,,,,,10.26804139,,,,,,,,,,,,,,,,,,,
,,,,15.23445845,20.20453006,,,,,,,,,9.394978381,,,,,,,,,,,,,,,,,,,
,,,,15.83365685,20.17549779,,,,,,,,,10.1105954,,,,,,,,,,,,,,,,,,,
,,,,14.04529463,20.10477764,,,,,,,,,10.25410862,,,,,,,,,,,,,,,,,,,
,,,,14.3700755,20.44141555,,,,,,,,,7.048498639,,,,,,,,,,,,,,,,,,,
,,,,14.45605989,19.41422369,,,,,,,,,7.059120259,,,,,,,,,,,,,,,,,,,
,,,,10.68587722,14.09473275,,,,,,,,,6.844123906,,,,,,,,,,,,,,,,,,,
,,,,11.85599249,19.50553987,,,,,,,,,7.092920133,,,,,,,,,,,,,,,,,,,
,,,,10.95284585,14.09664711,,,,,,,,,7.161018489,,,,,,,,,,,,,,,,,,,
,,,,12.45323263,17.65295512,,,,,,,,,10.17708656,,,,,,,,,,,,,,,,,,,
,,,,10.61834171,12.99277135,,,,,,,,,9.975871572,,,,,,,,,,,,,,,,,,,
,,,,10.45892457,15.5574104,,,,,,,,,10.43752902,,,,,,,,,,,,,,,,,,,
,,,,14.03753728,17.56760732,,,,,,,,,10.34976403,,,,,,,,,,,,,,,,,,,
,,,,16.01883977,15.7365522,,,,,,,,,9.474767217,,,,,,,,,,,,,,,,,,,
,,,,16.82921171,15.90943274,,,,,,,,,7.321107264,,,,,,,,,,,,,,,,,,,
,,,,17.02085909,15.26647544,,,,,,,,,9.666258158,,,,,,,,,,,,,,,,,,,
,,,,16.65939273,14.45143994,,,,,,,,,7.665758852,,,,,,,,,,,,,,,,,,,
,,,,10.75269534,14.61779942,,,,,,,,,7.851797695,,,,,,,,,,,,,,,,,,,
,,,,10.40583113,13.80135559,,,,,,,,,7.947049174,,,,,,,,,,,,,,,,,,,
,,,,10.22675594,13.15988814,,,,,,,,,9.272052201,,,,,,,,,,,,,,,,,,,
,,,,11.04250523,16.92618609,,,,,,,,,8.207866928,,,,,,,,,,,,,,,,,,,
,,,,11.24555449,19.75990755,,,,,,,,,8.08346848,,,,,,,,,,,,,,,,,,,
,,,,11.85665169,19.9808012,,,,,,,,,9.595817593,,,,,,,,,,,,,,,,,,,
,,,,10.20225333,20.39631051,,,,,,,,,7.797087134,,,,,,,,,,,,,,,,,,,
,,,,19.51380962,21.00188731,,,,,,,,,7.830932826,,,,,,,,,,,,,,,,,,,
,,,,18.24007407,19.48585783,,,,,,,,,7.652271736,,,,,,,,,,,,,,,,,,,
,,,,9.775780181,16.5542622,,,,,,,,,7.63150135,,,,,,,,,,,,,,,,,,,
,,,,17.72125928,21.36157805,,,,,,,,,7.819016366,,,,,,,,,,,,,,,,,,,
,,,,17.86570786,21.49414763,,,,,,,,,7.767675333,,,,,,,,,,,,,,,,,,,
,,,,10.02794539,17.03764927,,,,,,,,,7.082568671,,,,,,,,,,,,,,,,,,,
,,,,17.63902594,21.24321969,,,,,,,,,7.306160487,,,,,,,,,,,,,,,,,,,
,,,,18.89955644,21.14844787,,,,,,,,,7.084496401,,,,,,,,,,,,,,,,,,,
,,,,17.87250665,18.52858225,,,,,,,,,10.88134863,,,,,,,,,,,,,,,,,,,
,,,,18.81903556,14.07992709,,,,,,,,,10.33751348,,,,,,,,,,,,,,,,,,,
,,,,19.94622758,13.855283,,,,,,,,,10.16290486,,,,,,,,,,,,,,,,,,,
,,,,19.64385425,21.13565608,,,,,,,,,7.866599407,,,,,,,,,,,,,,,,,,,
,,,,19.59517188,21.22243834,,,,,,,,,9.644792566,,,,,,,,,,,,,,,,,,,
,,,,11.83349075,21.26405934,,,,,,,,,10.35929268,,,,,,,,,,,,,,,,,,,
,,,,19.52136821,21.60231346,,,,,,,,,10.74474161,,,,,,,,,,,,,,,,,,,
,,,,18.23489691,21.9144472,,,,,,,,,10.52919663,,,,,,,,,,,,,,,,,,,
,,,,10.43925424,21.53467759,,,,,,,,,8.17816607,,,,,,,,,,,,,,,,,,,
,,,,19.59423375,21.83690154,,,,,,,,,7.946571933,,,,,,,,,,,,,,,,,,,
,,,,19.7158567,21.5474,,,,,,,,,7.623685656,,,,,,,,,,,,,,,,,,,
,,,,19.35814815,21.62719217,,,,,,,,,10.99627338,,,,,,,,,,,,,,,,,,,
,,,,10.39413772,16.28607419,,,,,,,,,9.537815584,,,,,,,,,,,,,,,,,,,
,,,,10.14729772,16.90161794,,,,,,,,,8.766521205,,,,,,,,,,,,,,,,,,,
,,,,10.21734647,15.03991354,,,,,,,,,8.318141585,,,,,,,,,,,,,,,,,,,
,,,,11.50173211,14.72675071,,,,,,,,,9.73195215,,,,,,,,,,,,,,,,,,,
,,,,11.21964768,16.33584167,,,,,,,,,10.48041808,,,,,,,,,,,,,,,,,,,
,,,,11.23408292,17.13115303,,,,,,,,,10.29859993,,,,,,,,,,,,,,,,,,,
,,,,10.8549,17.42930762,,,,,,,,,10.67734133,,,,,,,,,,,,,,,,,,,
,,,,11.19751411,17.31613409,,,,,,,,,11.16267205,,,,,,,,,,,,,,,,,,,
,,,,11.71404281,16.73664957,,,,,,,,,11.17678344,,,,,,,,,,,,,,,,,,,
,,,,11.06471013,17.500935,,,,,,,,,10.82714952,,,,,,,,,,,,,,,,,,,
,,,,10.70648742,17.6814494,,,,,,,,,7.887474123,,,,,,,,,,,,,,,,,,,
,,,,10.4844139,17.508928,,,,,,,,,10.38531065,,,,,,,,,,,,,,,,,,,
,,,,10.60170096,21.83779132,,,,,,,,,10.65123881,,,,,,,,,,,,,,,,,,,
,,,,19.75372638,17.79923596,,,,,,,,,11.17849731,,,,,,,,,,,,,,,,,,,
,,,,13.29927224,19.78493343,,,,,,,,,10.74842329,,,,,,,,,,,,,,,,,,,
,,,,12.72083138,17.75419394,,,,,,,,,8.177552661,,,,,,,,,,,,,,,,,,,
,,,,18.86366267,17.6228021,,,,,,,,,11.53691935,,,,,,,,,,,,,,,,,,,
,,,,19.40372156,22.17829383,,,,,,,,,9.024682242,,,,,,,,,,,,,,,,,,,
,,,,20.49393294,21.71814969,,,,,,,,,10.31891683,,,,,,,,,,,,,,,,,,,
,,,,20.85623773,18.1298109,,,,,,,,,9.42857274,,,,,,,,,,,,,,,,,,,
,,,,20.39447202,18.02314494,,,,,,,,,10.85033016,,,,,,,,,,,,,,,,,,,
,,,,20.12242545,22.24133515,,,,,,,,,10.41181013,,,,,,,,,,,,,,,,,,,
,,,,20.09045843,22.20311593,,,,,,,,,8.659554152,,,,,,,,,,,,,,,,,,,
,,,,20.26105918,18.54077262,,,,,,,,,9.799890329,,,,,,,,,,,,,,,,,,,
,,,,19.99793459,17.9120003,,,,,,,,,10.14879309,,,,,,,,,,,,,,,,,,,
,,,,19.64760873,18.01123104,,,,,,,,,9.940321364,,,,,,,,,,,,,,,,,,,
,,,,19.6917,19.25891579,,,,,,,,,10.3559502,,,,,,,,,,,,,,,,,,,
,,,,19.57040681,18.8272148,,,,,,,,,10.25220466,,,,,,,,,,,,,,,,,,,
,,,,19.42067704,17.89555229,,,,,,,,,10.63136457,,,,,,,,,,,,,,,,,,,
,,,,19.12164937,19.00495833,,,,,,,,,10.66906284,,,,,,,,,,,,,,,,,,,
,,,,19.79512094,21.74947289,,,,,,,,,11.13718961,,,,,,,,,,,,,,,,,,,
,,,,20.24556898,17.62530327,,,,,,,,,10.59053795,,,,,,,,,,,,,,,,,,,
,,,,20.07775988,21.27106528,,,,,,,,,10.41992502,,,,,,,,,,,,,,,,,,,
,,,,17.76733349,21.73466012,,,,,,,,,11.23480777,,,,,,,,,,,,,,,,,,,
,,,,11.20335116,21.48894527,,,,,,,,,11.31721359,,,,,,,,,,,,,,,,,,,
,,,,11.70350531,19.2621535,,,,,,,,,11.11554804,,,,,,,,,,,,,,,,,,,
,,,,20.29103916,21.43698838,,,,,,,,,11.17189601,,,,,,,,,,,,,,,,,,,
,,,,20.28668313,20.99487038,,,,,,,,,10.90888571,,,,,,,,,,,,,,,,,,,
,,,,20.16413639,16.70397514,,,,,,,,,10.85442389,,,,,,,,,,,,,,,,,,,
,,,,20.35314471,16.63275751,,,,,,,,,,,,,,,,,,,,,,,,,,,,
,,,,20.51168318,16.72609454,,,,,,,,,,,,,,,,,,,,,,,,,,,,
,,,,20.00096645,12.73570648,,,,,,,,,,,,,,,,,,,,,,,,,,,,
,,,,20.1033739,21.14429435,,,,,,,,,,,,,,,,,,,,,,,,,,,,
,,,,19.93957086,20.9520535,,,,,,,,,,,,,,,,,,,,,,,,,,,,
,,,,20.05518903,12.71690464,,,,,,,,,,,,,,,,,,,,,,,,,,,,
,,,,11.88504859,12.35317018,,,,,,,,,,,,,,,,,,,,,,,,,,,,
,,,,12.10133251,20.9020997,,,,,,,,,,,,,,,,,,,,,,,,,,,,
,,,,12.1984959,20.71983423,,,,,,,,,,,,,,,,,,,,,,,,,,,,
,,,,12.29082691,20.72818239,,,,,,,,,,,,,,,,,,,,,,,,,,,,
,,,,13.94270091,20.56278657,,,,,,,,,,,,,,,,,,,,,,,,,,,,
,,,,19.8546297,19.96342405,,,,,,,,,,,,,,,,,,,,,,,,,,,,
,,,,13.66704529,12.83102725,,,,,,,,,,,,,,,,,,,,,,,,,,,,
,,,,20.27745178,13.02641705,,,,,,,,,,,,,,,,,,,,,,,,,,,,
,,,,19.18565803,15.07849063,,,,,,,,,,,,,,,,,,,,,,,,,,,,
,,,,20.61989941,12.98064648,,,,,,,,,,,,,,,,,,,,,,,,,,,,
,,,,19.69759631,13.84281134,,,,,,,,,,,,,,,,,,,,,,,,,,,,
,,,,19.7457717,20.28419705,,,,,,,,,,,,,,,,,,,,,,,,,,,,
,,,,19.13319933,20.03355419,,,,,,,,,,,,,,,,,,,,,,,,,,,,
,,,,19.90768366,20.28822393,,,,,,,,,,,,,,,,,,,,,,,,,,,,
,,,,19.53928012,20.34136757,,,,,,,,,,,,,,,,,,,,,,,,,,,,
,,,,19.19836818,20.61213509,,,,,,,,,,,,,,,,,,,,,,,,,,,,
,,,,19.70725778,18.79484611,,,,,,,,,,,,,,,,,,,,,,,,,,,,
,,,,20.15760879,19.97384137,,,,,,,,,,,,,,,,,,,,,,,,,,,,
,,,,19.61006478,20.28791491,,,,,,,,,,,,,,,,,,,,,,,,,,,,
,,,,19.68414406,20.49474818,,,,,,,,,,,,,,,,,,,,,,,,,,,,
,,,,13.45540418,12.95665865,,,,,,,,,,,,,,,,,,,,,,,,,,,,
,,,,11.2889837,18.29673064,,,,,,,,,,,,,,,,,,,,,,,,,,,,
,,,,11.332248,19.92408571,,,,,,,,,,,,,,,,,,,,,,,,,,,,
,,,,11.35263877,20.27742552,,,,,,,,,,,,,,,,,,,,,,,,,,,,
,,,,16.63242588,20.33389435,,,,,,,,,,,,,,,,,,,,,,,,,,,,
,,,,18.86814089,20.29983473,,,,,,,,,,,,,,,,,,,,,,,,,,,,
,,,,10.60906049,20.3434929,,,,,,,,,,,,,,,,,,,,,,,,,,,,
,,,,10.64971304,12.59652333,,,,,,,,,,,,,,,,,,,,,,,,,,,,
,,,,18.50503567,20.72660121,,,,,,,,,,,,,,,,,,,,,,,,,,,,
,,,,10.66853238,20.16387988,,,,,,,,,,,,,,,,,,,,,,,,,,,,
,,,,10.99198013,14.18484411,,,,,,,,,,,,,,,,,,,,,,,,,,,,
,,,,12.99798831,19.51899169,,,,,,,,,,,,,,,,,,,,,,,,,,,,
,,,,18.73257613,10.99884531,,,,,,,,,,,,,,,,,,,,,,,,,,,,
,,,,18.48283897,16.13433014,,,,,,,,,,,,,,,,,,,,,,,,,,,,
,,,,10.50874264,16.30203629,,,,,,,,,,,,,,,,,,,,,,,,,,,,
,,,,10.68182722,17.42380682,,,,,,,,,,,,,,,,,,,,,,,,,,,,
,,,,10.71532425,16.56222969,,,,,,,,,,,,,,,,,,,,,,,,,,,,
,,,,10.90744049,18.75354159,,,,,,,,,,,,,,,,,,,,,,,,,,,,
,,,,10.79035122,18.17227507,,,,,,,,,,,,,,,,,,,,,,,,,,,,
,,,,10.7252614,18.1637652,,,,,,,,,,,,,,,,,,,,,,,,,,,,
,,,,10.48004022,15.89995915,,,,,,,,,,,,,,,,,,,,,,,,,,,,
,,,,10.28320108,18.46648457,,,,,,,,,,,,,,,,,,,,,,,,,,,,
,,,,10.61712695,14.04250815,,,,,,,,,,,,,,,,,,,,,,,,,,,,
,,,,18.67184267,12.95654915,,,,,,,,,,,,,,,,,,,,,,,,,,,,
,,,,19.06024039,12.19390029,,,,,,,,,,,,,,,,,,,,,,,,,,,,
,,,,19.21927356,11.95099946,,,,,,,,,,,,,,,,,,,,,,,,,,,,
,,,,18.54707699,11.51122212,,,,,,,,,,,,,,,,,,,,,,,,,,,,
,,,,18.92021087,15.48826243,,,,,,,,,,,,,,,,,,,,,,,,,,,,
,,,,19.48122571,19.27678382,,,,,,,,,,,,,,,,,,,,,,,,,,,,
,,,,19.7074854,17.13769632,,,,,,,,,,,,,,,,,,,,,,,,,,,,
,,,,19.68675394,14.34612431,,,,,,,,,,,,,,,,,,,,,,,,,,,,
,,,,19.3611253,11.29241384,,,,,,,,,,,,,,,,,,,,,,,,,,,,
,,,,17.98355962,12.11581595,,,,,,,,,,,,,,,,,,,,,,,,,,,,
,,,,17.85782145,11.69622787,,,,,,,,,,,,,,,,,,,,,,,,,,,,
,,,,18.12188063,11.072639,,,,,,,,,,,,,,,,,,,,,,,,,,,,
,,,,11.7652811,16.95986647,,,,,,,,,,,,,,,,,,,,,,,,,,,,
,,,,16.99320498,11.68571366,,,,,,,,,,,,,,,,,,,,,,,,,,,,
,,,,11.26667735,18.37529475,,,,,,,,,,,,,,,,,,,,,,,,,,,,
,,,,17.02969684,18.02702,,,,,,,,,,,,,,,,,,,,,,,,,,,,
,,,,18.12904169,14.80792074,,,,,,,,,,,,,,,,,,,,,,,,,,,,
,,,,10.53360021,16.94915225,,,,,,,,,,,,,,,,,,,,,,,,,,,,
,,,,11.16101672,16.61806925,,,,,,,,,,,,,,,,,,,,,,,,,,,,
,,,,17.73962748,16.35236657,,,,,,,,,,,,,,,,,,,,,,,,,,,,
,,,,16.6494261,14.67441014,,,,,,,,,,,,,,,,,,,,,,,,,,,,
,,,,10.32808106,15.1493142,,,,,,,,,,,,,,,,,,,,,,,,,,,,
,,,,10.2192261,17.37140731,,,,,,,,,,,,,,,,,,,,,,,,,,,,
,,,,18.1332817,14.09095193,,,,,,,,,,,,,,,,,,,,,,,,,,,,
,,,,15.51037469,13.78346766,,,,,,,,,,,,,,,,,,,,,,,,,,,,
,,,,15.59384196,16.60185457,,,,,,,,,,,,,,,,,,,,,,,,,,,,
,,,,17.58890284,16.91200962,,,,,,,,,,,,,,,,,,,,,,,,,,,,
,,,,11.76261365,17.34940355,,,,,,,,,,,,,,,,,,,,,,,,,,,,
,,,,15.33491013,10.60800121,,,,,,,,,,,,,,,,,,,,,,,,,,,,
,,,,18.21831672,17.08062572,,,,,,,,,,,,,,,,,,,,,,,,,,,,
,,,,10.67946954,17.26457803,,,,,,,,,,,,,,,,,,,,,,,,,,,,
,,,,16.05034809,18.10140979,,,,,,,,,,,,,,,,,,,,,,,,,,,,
,,,,10.2265769,17.91337695,,,,,,,,,,,,,,,,,,,,,,,,,,,,
,,,,10.3325423,13.78657088,,,,,,,,,,,,,,,,,,,,,,,,,,,,
,,,,9.971137874,11.34263333,,,,,,,,,,,,,,,,,,,,,,,,,,,,
,,,,16.58487555,18.46549375,,,,,,,,,,,,,,,,,,,,,,,,,,,,
,,,,10.05177584,16.9210157,,,,,,,,,,,,,,,,,,,,,,,,,,,,
,,,,9.986464507,14.98863913,,,,,,,,,,,,,,,,,,,,,,,,,,,,
,,,,15.64641942,18.50225891,,,,,,,,,,,,,,,,,,,,,,,,,,,,
,,,,15.52701478,18.09787199,,,,,,,,,,,,,,,,,,,,,,,,,,,,
,,,,17.42925159,18.11777596,,,,,,,,,,,,,,,,,,,,,,,,,,,,
,,,,8.186415611,18.20515593,,,,,,,,,,,,,,,,,,,,,,,,,,,,
,,,,9.533920772,18.36554925,,,,,,,,,,,,,,,,,,,,,,,,,,,,
,,,,9.773828776,18.50673125,,,,,,,,,,,,,,,,,,,,,,,,,,,,
,,,,9.287625583,18.7843,,,,,,,,,,,,,,,,,,,,,,,,,,,,
,,,,8.928050438,18.71680952,,,,,,,,,,,,,,,,,,,,,,,,,,,,
,,,,9.355590772,18.96239379,,,,,,,,,,,,,,,,,,,,,,,,,,,,
,,,,9.352060868,19.23107545,,,,,,,,,,,,,,,,,,,,,,,,,,,,
,,,,9.27506003,19.30657581,,,,,,,,,,,,,,,,,,,,,,,,,,,,
,,,,8.988487433,19.32933792,,,,,,,,,,,,,,,,,,,,,,,,,,,,
,,,,7.955281324,18.95825672,,,,,,,,,,,,,,,,,,,,,,,,,,,,
,,,,8.883242952,19.07857758,,,,,,,,,,,,,,,,,,,,,,,,,,,,
,,,,9.079592068,19.21594509,,,,,,,,,,,,,,,,,,,,,,,,,,,,
,,,,10.7952359,19.38825944,,,,,,,,,,,,,,,,,,,,,,,,,,,,
,,,,9.519383239,19.57532835,,,,,,,,,,,,,,,,,,,,,,,,,,,,
,,,,9.492743252,19.97815515,,,,,,,,,,,,,,,,,,,,,,,,,,,,
,,,,8.99690256,20.16030821,,,,,,,,,,,,,,,,,,,,,,,,,,,,
,,,,8.463078378,19.86414435,,,,,,,,,,,,,,,,,,,,,,,,,,,,
,,,,8.757826565,19.72190629,,,,,,,,,,,,,,,,,,,,,,,,,,,,
,,,,8.861504805,19.50920203,,,,,,,,,,,,,,,,,,,,,,,,,,,,
,,,,9.260189942,19.58404382,,,,,,,,,,,,,,,,,,,,,,,,,,,,
,,,,7.39769,18.65224152,,,,,,,,,,,,,,,,,,,,,,,,,,,,
,,,,8.540628147,19.41346336,,,,,,,,,,,,,,,,,,,,,,,,,,,,
,,,,8.925060088,19.35355595,,,,,,,,,,,,,,,,,,,,,,,,,,,,
,,,,8.534084076,19.35627667,,,,,,,,,,,,,,,,,,,,,,,,,,,,
,,,,9.063008549,19.4873656,,,,,,,,,,,,,,,,,,,,,,,,,,,,
,,,,6.989425908,19.00085402,,,,,,,,,,,,,,,,,,,,,,,,,,,,
,,,,8.294560893,19.64309359,,,,,,,,,,,,,,,,,,,,,,,,,,,,
,,,,8.974203282,19.89588517,,,,,,,,,,,,,,,,,,,,,,,,,,,,
,,,,8.866168936,19.88688947,,,,,,,,,,,,,,,,,,,,,,,,,,,,
,,,,8.723995758,19.37254812,,,,,,,,,,,,,,,,,,,,,,,,,,,,
,,,,9.04490234,19.63119594,,,,,,,,,,,,,,,,,,,,,,,,,,,,
,,,,8.771705182,19.83443722,,,,,,,,,,,,,,,,,,,,,,,,,,,,
,,,,9.37906789,20.75840282,,,,,,,,,,,,,,,,,,,,,,,,,,,,
,,,,8.725966303,20.98639619,,,,,,,,,,,,,,,,,,,,,,,,,,,,
,,,,9.035581224,21.20148305,,,,,,,,,,,,,,,,,,,,,,,,,,,,
,,,,8.165972622,21.20191173,,,,,,,,,,,,,,,,,,,,,,,,,,,,
,,,,4.230393692,13.11582625,,,,,,,,,,,,,,,,,,,,,,,,,,,,
,,,,5.935724548,13.96320901,,,,,,,,,,,,,,,,,,,,,,,,,,,,
,,,,5.824856706,20.84616923,,,,,,,,,,,,,,,,,,,,,,,,,,,,
,,,,6.335779646,20.91815291,,,,,,,,,,,,,,,,,,,,,,,,,,,,
,,,,6.530993769,21.22644922,,,,,,,,,,,,,,,,,,,,,,,,,,,,
,,,,7.228825015,21.21744438,,,,,,,,,,,,,,,,,,,,,,,,,,,,
,,,,6.80907439,21.24856688,,,,,,,,,,,,,,,,,,,,,,,,,,,,
,,,,6.482231148,22.29484199,,,,,,,,,,,,,,,,,,,,,,,,,,,,
,,,,6.360862679,22.36160184,,,,,,,,,,,,,,,,,,,,,,,,,,,,
,,,,6.747604395,21.47961719,,,,,,,,,,,,,,,,,,,,,,,,,,,,
,,,,4.690922179,14.96883247,,,,,,,,,,,,,,,,,,,,,,,,,,,,
,,,,4.786868896,21.48048293,,,,,,,,,,,,,,,,,,,,,,,,,,,,
,,,,4.640280901,21.51355046,,,,,,,,,,,,,,,,,,,,,,,,,,,,
,,,,4.541414769,21.16184543,,,,,,,,,,,,,,,,,,,,,,,,,,,,
,,,,4.461680603,21.27489193,,,,,,,,,,,,,,,,,,,,,,,,,,,,
,,,,4.772972844,20.91843639,,,,,,,,,,,,,,,,,,,,,,,,,,,,
,,,,7.414503493,13.59664413,,,,,,,,,,,,,,,,,,,,,,,,,,,,
,,,,5.82922574,20.80158441,,,,,,,,,,,,,,,,,,,,,,,,,,,,
,,,,5.216495656,20.51977568,,,,,,,,,,,,,,,,,,,,,,,,,,,,
,,,,4.617826994,20.69110428,,,,,,,,,,,,,,,,,,,,,,,,,,,,
,,,,4.525072045,20.69417356,,,,,,,,,,,,,,,,,,,,,,,,,,,,
,,,,4.490666326,20.50675758,,,,,,,,,,,,,,,,,,,,,,,,,,,,
,,,,4.499452794,20.82252613,,,,,,,,,,,,,,,,,,,,,,,,,,,,
,,,,5.4253,20.94207226,,,,,,,,,,,,,,,,,,,,,,,,,,,,
,,,,7.714789452,18.85548794,,,,,,,,,,,,,,,,,,,,,,,,,,,,
,,,,6.846938378,22.16923272,,,,,,,,,,,,,,,,,,,,,,,,,,,,
,,,,6.70457203,21.83700486,,,,,,,,,,,,,,,,,,,,,,,,,,,,
,,,,4.946802274,21.72602622,,,,,,,,,,,,,,,,,,,,,,,,,,,,
,,,,9.509848588,21.58305826,,,,,,,,,,,,,,,,,,,,,,,,,,,,
,,,,9.398849522,21.65706862,,,,,,,,,,,,,,,,,,,,,,,,,,,,
,,,,8.99696597,22.06081038,,,,,,,,,,,,,,,,,,,,,,,,,,,,
,,,,7.230767882,22.00117988,,,,,,,,,,,,,,,,,,,,,,,,,,,,
,,,,7.945233588,16.32676064,,,,,,,,,,,,,,,,,,,,,,,,,,,,
,,,,6.098943731,16.69181368,,,,,,,,,,,,,,,,,,,,,,,,,,,,
,,,,7.383701786,22.10233639,,,,,,,,,,,,,,,,,,,,,,,,,,,,
,,,,6.980713082,16.59400202,,,,,,,,,,,,,,,,,,,,,,,,,,,,
,,,,5.790209201,16.4136153,,,,,,,,,,,,,,,,,,,,,,,,,,,,
,,,,6.045014222,16.16554051,,,,,,,,,,,,,,,,,,,,,,,,,,,,
,,,,6.363357134,16.25706122,,,,,,,,,,,,,,,,,,,,,,,,,,,,
,,,,7.794319795,16.41644416,,,,,,,,,,,,,,,,,,,,,,,,,,,,
,,,,6.158633054,21.75221608,,,,,,,,,,,,,,,,,,,,,,,,,,,,
,,,,6.37640206,16.38021842,,,,,,,,,,,,,,,,,,,,,,,,,,,,
,,,,6.637916006,15.6894193,,,,,,,,,,,,,,,,,,,,,,,,,,,,
,,,,6.487890951,15.21884415,,,,,,,,,,,,,,,,,,,,,,,,,,,,
,,,,6.989599627,15.51674106,,,,,,,,,,,,,,,,,,,,,,,,,,,,
,,,,7.124472079,15.62026866,,,,,,,,,,,,,,,,,,,,,,,,,,,,
,,,,6.938101284,15.41310475,,,,,,,,,,,,,,,,,,,,,,,,,,,,
,,,,7.687227982,15.17787942,,,,,,,,,,,,,,,,,,,,,,,,,,,,
,,,,7.472284834,15.70579765,,,,,,,,,,,,,,,,,,,,,,,,,,,,
,,,,7.59453071,16.37762536,,,,,,,,,,,,,,,,,,,,,,,,,,,,
,,,,6.762857964,15.35368161,,,,,,,,,,,,,,,,,,,,,,,,,,,,
,,,,6.947978649,15.61483545,,,,,,,,,,,,,,,,,,,,,,,,,,,,
,,,,6.997523892,15.99782428,,,,,,,,,,,,,,,,,,,,,,,,,,,,
,,,,7.079067939,17.26802017,,,,,,,,,,,,,,,,,,,,,,,,,,,,
,,,,7.322685644,18.07231647,,,,,,,,,,,,,,,,,,,,,,,,,,,,
,,,,7.29119612,17.17470896,,,,,,,,,,,,,,,,,,,,,,,,,,,,
,,,,7.182362776,17.38628876,,,,,,,,,,,,,,,,,,,,,,,,,,,,
,,,,7.323060549,16.21356207,,,,,,,,,,,,,,,,,,,,,,,,,,,,
,,,,7.909392741,16.77878143,,,,,,,,,,,,,,,,,,,,,,,,,,,,
,,,,8.079136574,16.86475043,,,,,,,,,,,,,,,,,,,,,,,,,,,,
,,,,7.822292578,22.15110526,,,,,,,,,,,,,,,,,,,,,,,,,,,,
,,,,7.342767681,18.65308538,,,,,,,,,,,,,,,,,,,,,,,,,,,,
,,,,7.252495697,18.9294585,,,,,,,,,,,,,,,,,,,,,,,,,,,,
,,,,7.043025449,18.62529715,,,,,,,,,,,,,,,,,,,,,,,,,,,,
,,,,7.225998196,17.97183449,,,,,,,,,,,,,,,,,,,,,,,,,,,,
,,,,7.504749728,18.67600665,,,,,,,,,,,,,,,,,,,,,,,,,,,,
,,,,7.70778403,18.06807069,,,,,,,,,,,,,,,,,,,,,,,,,,,,
,,,,7.871444985,19.01917522,,,,,,,,,,,,,,,,,,,,,,,,,,,,
,,,,7.915335119,18.97085134,,,,,,,,,,,,,,,,,,,,,,,,,,,,
,,,,8.002568829,18.80867508,,,,,,,,,,,,,,,,,,,,,,,,,,,,
,,,,7.969496401,18.96316677,,,,,,,,,,,,,,,,,,,,,,,,,,,,
,,,,7.862611246,18.43694784,,,,,,,,,,,,,,,,,,,,,,,,,,,,
,,,,7.842920318,21.41855619,,,,,,,,,,,,,,,,,,,,,,,,,,,,
,,,,7.983734187,21.74208975,,,,,,,,,,,,,,,,,,,,,,,,,,,,
,,,,7.915028555,21.52149335,,,,,,,,,,,,,,,,,,,,,,,,,,,,
,,,,8.019592751,22.10446366,,,,,,,,,,,,,,,,,,,,,,,,,,,,
,,,,7.882161622,20.33145677,,,,,,,,,,,,,,,,,,,,,,,,,,,,
,,,,7.309308388,19.50816154,,,,,,,,,,,,,,,,,,,,,,,,,,,,
,,,,8.170950551,18.74819615,,,,,,,,,,,,,,,,,,,,,,,,,,,,
,,,,8.552668358,19.05217329,,,,,,,,,,,,,,,,,,,,,,,,,,,,
,,,,8.496161014,18.93177138,,,,,,,,,,,,,,,,,,,,,,,,,,,,
,,,,8.152711056,18.7590087,,,,,,,,,,,,,,,,,,,,,,,,,,,,
,,,,8.253050888,18.62906193,,,,,,,,,,,,,,,,,,,,,,,,,,,,
,,,,8.781065831,18.64573209,,,,,,,,,,,,,,,,,,,,,,,,,,,,
,,,,9.74312289,18.75095015,,,,,,,,,,,,,,,,,,,,,,,,,,,,
,,,,9.342242485,18.49157795,,,,,,,,,,,,,,,,,,,,,,,,,,,,
,,,,9.798862297,18.44492394,,,,,,,,,,,,,,,,,,,,,,,,,,,,
,,,,9.683936706,18.1745747,,,,,,,,,,,,,,,,,,,,,,,,,,,,
,,,,9.227616019,17.79238117,,,,,,,,,,,,,,,,,,,,,,,,,,,,
,,,,8.295678387,18.05648488,,,,,,,,,,,,,,,,,,,,,,,,,,,,
,,,,8.489552303,17.7855134,,,,,,,,,,,,,,,,,,,,,,,,,,,,
,,,,8.625124369,17.68035283,,,,,,,,,,,,,,,,,,,,,,,,,,,,
,,,,9.053888204,17.93710212,,,,,,,,,,,,,,,,,,,,,,,,,,,,
,,,,9.172822385,17.75166195,,,,,,,,,,,,,,,,,,,,,,,,,,,,
,,,,9.532035244,17.85286855,,,,,,,,,,,,,,,,,,,,,,,,,,,,
,,,,10.50074229,17.22853874,,,,,,,,,,,,,,,,,,,,,,,,,,,,
,,,,10.58774334,17.86640859,,,,,,,,,,,,,,,,,,,,,,,,,,,,
,,,,9.233748979,17.99521832,,,,,,,,,,,,,,,,,,,,,,,,,,,,
,,,,8.711090355,17.96314401,,,,,,,,,,,,,,,,,,,,,,,,,,,,
,,,,8.815167737,18.24244,,,,,,,,,,,,,,,,,,,,,,,,,,,,
,,,,8.509630554,17.84869706,,,,,,,,,,,,,,,,,,,,,,,,,,,,
,,,,8.309865373,17.45610778,,,,,,,,,,,,,,,,,,,,,,,,,,,,
,,,,8.660253968,16.5648804,,,,,,,,,,,,,,,,,,,,,,,,,,,,
,,,,8.372485329,15.35456293,,,,,,,,,,,,,,,,,,,,,,,,,,,,
,,,,9.590363186,15.25904371,,,,,,,,,,,,,,,,,,,,,,,,,,,,
,,,,8.842437868,17.98977958,,,,,,,,,,,,,,,,,,,,,,,,,,,,
,,,,8.645945216,17.95464687,,,,,,,,,,,,,,,,,,,,,,,,,,,,
,,,,8.707173563,16.47832837,,,,,,,,,,,,,,,,,,,,,,,,,,,,
,,,,9.035449626,15.83844843,,,,,,,,,,,,,,,,,,,,,,,,,,,,
,,,,9.124128681,17.83340236,,,,,,,,,,,,,,,,,,,,,,,,,,,,
,,,,8.900665215,16.9730685,,,,,,,,,,,,,,,,,,,,,,,,,,,,
,,,,8.986012061,17.28314138,,,,,,,,,,,,,,,,,,,,,,,,,,,,
,,,,8.957482367,17.42351595,,,,,,,,,,,,,,,,,,,,,,,,,,,,
,,,,9.082821988,18.82095937,,,,,,,,,,,,,,,,,,,,,,,,,,,,
,,,,8.591664468,16.58787339,,,,,,,,,,,,,,,,,,,,,,,,,,,,
,,,,8.498615652,16.94312174,,,,,,,,,,,,,,,,,,,,,,,,,,,,
,,,,8.450283582,17.97614286,,,,,,,,,,,,,,,,,,,,,,,,,,,,
,,,,8.551817888,19.82776981,,,,,,,,,,,,,,,,,,,,,,,,,,,,
,,,,9.079747938,17.19666228,,,,,,,,,,,,,,,,,,,,,,,,,,,,
,,,,9.007476152,17.28127267,,,,,,,,,,,,,,,,,,,,,,,,,,,,
,,,,11.31890319,17.65326416,,,,,,,,,,,,,,,,,,,,,,,,,,,,
,,,,10.85065088,17.74835075,,,,,,,,,,,,,,,,,,,,,,,,,,,,
,,,,9.351364107,17.45404551,,,,,,,,,,,,,,,,,,,,,,,,,,,,
,,,,11.00950678,17.77238623,,,,,,,,,,,,,,,,,,,,,,,,,,,,
,,,,11.28612415,17.83434834,,,,,,,,,,,,,,,,,,,,,,,,,,,,
,,,,11.38576971,17.56147803,,,,,,,,,,,,,,,,,,,,,,,,,,,,
,,,,11.39783895,17.79143026,,,,,,,,,,,,,,,,,,,,,,,,,,,,
,,,,11.12316312,17.29166174,,,,,,,,,,,,,,,,,,,,,,,,,,,,
,,,,8.791244212,17.55747173,,,,,,,,,,,,,,,,,,,,,,,,,,,,
,,,,10.59375315,16.88977238,,,,,,,,,,,,,,,,,,,,,,,,,,,,
,,,,11.76551084,16.83624506,,,,,,,,,,,,,,,,,,,,,,,,,,,,
,,,,11.71074356,16.5036713,,,,,,,,,,,,,,,,,,,,,,,,,,,,
,,,,10.88273393,16.73558839,,,,,,,,,,,,,,,,,,,,,,,,,,,,
,,,,11.40973519,17.50441509,,,,,,,,,,,,,,,,,,,,,,,,,,,,
,,,,11.11218952,23.8793475,,,,,,,,,,,,,,,,,,,,,,,,,,,,
,,,,12.15092423,15.4985372,,,,,,,,,,,,,,,,,,,,,,,,,,,,
,,,,11.84306882,15.69035816,,,,,,,,,,,,,,,,,,,,,,,,,,,,
,,,,12.79226989,14.8098003,,,,,,,,,,,,,,,,,,,,,,,,,,,,
,,,,11.51425783,15.06613062,,,,,,,,,,,,,,,,,,,,,,,,,,,,
,,,,11.81083805,14.69919129,,,,,,,,,,,,,,,,,,,,,,,,,,,,
,,,,11.69023064,14.18927156,,,,,,,,,,,,,,,,,,,,,,,,,,,,
,,,,13.45724131,13.57140258,,,,,,,,,,,,,,,,,,,,,,,,,,,,
,,,,14.60826534,13.14412783,,,,,,,,,,,,,,,,,,,,,,,,,,,,
,,,,12.97486398,15.1128734,,,,,,,,,,,,,,,,,,,,,,,,,,,,
,,,,13.74453446,13.12216398,,,,,,,,,,,,,,,,,,,,,,,,,,,,
,,,,12.58811083,14.17248396,,,,,,,,,,,,,,,,,,,,,,,,,,,,
,,,,12.70146467,13.43739281,,,,,,,,,,,,,,,,,,,,,,,,,,,,
,,,,12.5096887,14.02829167,,,,,,,,,,,,,,,,,,,,,,,,,,,,
,,,,10.68596009,13.37287882,,,,,,,,,,,,,,,,,,,,,,,,,,,,
,,,,16.3527431,13.95843765,,,,,,,,,,,,,,,,,,,,,,,,,,,,
,,,,16.56106353,13.85664652,,,,,,,,,,,,,,,,,,,,,,,,,,,,
,,,,17.20573783,13.25224026,,,,,,,,,,,,,,,,,,,,,,,,,,,,
,,,,17.10091163,15.28555854,,,,,,,,,,,,,,,,,,,,,,,,,,,,
,,,,16.69124255,14.72511238,,,,,,,,,,,,,,,,,,,,,,,,,,,,
,,,,17.40283166,15.79657255,,,,,,,,,,,,,,,,,,,,,,,,,,,,
,,,,15.96200881,16.23929422,,,,,,,,,,,,,,,,,,,,,,,,,,,,
,,,,15.65862724,16.2349968,,,,,,,,,,,,,,,,,,,,,,,,,,,,
,,,,16.33314103,16.34427566,,,,,,,,,,,,,,,,,,,,,,,,,,,,
,,,,16.15298447,16.76340647,,,,,,,,,,,,,,,,,,,,,,,,,,,,
,,,,15.83650579,16.68570913,,,,,,,,,,,,,,,,,,,,,,,,,,,,
,,,,11.93558954,16.90748604,,,,,,,,,,,,,,,,,,,,,,,,,,,,
,,,,11.89226353,16.94537788,,,,,,,,,,,,,,,,,,,,,,,,,,,,
,,,,13.44748125,16.091013,,,,,,,,,,,,,,,,,,,,,,,,,,,,
,,,,12.72452725,16.37509713,,,,,,,,,,,,,,,,,,,,,,,,,,,,
,,,,18.13469474,16.54624403,,,,,,,,,,,,,,,,,,,,,,,,,,,,
,,,,17.7527449,16.58467013,,,,,,,,,,,,,,,,,,,,,,,,,,,,
,,,,16.12702401,16.07425476,,,,,,,,,,,,,,,,,,,,,,,,,,,,
,,,,16.54925696,15.52572914,,,,,,,,,,,,,,,,,,,,,,,,,,,,
,,,,16.59278875,20.12111952,,,,,,,,,,,,,,,,,,,,,,,,,,,,
,,,,15.74585066,16.50944592,,,,,,,,,,,,,,,,,,,,,,,,,,,,
,,,,15.64585111,16.24763778,,,,,,,,,,,,,,,,,,,,,,,,,,,,
,,,,15.57943269,16.48243896,,,,,,,,,,,,,,,,,,,,,,,,,,,,
,,,,15.52895032,16.51098705,,,,,,,,,,,,,,,,,,,,,,,,,,,,
,,,,15.72131582,16.53296359,,,,,,,,,,,,,,,,,,,,,,,,,,,,
,,,,15.9584271,16.68988084,,,,,,,,,,,,,,,,,,,,,,,,,,,,
,,,,15.93706115,17.01163802,,,,,,,,,,,,,,,,,,,,,,,,,,,,
,,,,15.71884934,16.80519474,,,,,,,,,,,,,,,,,,,,,,,,,,,,
,,,,15.51283816,16.66320425,,,,,,,,,,,,,,,,,,,,,,,,,,,,
,,,,15.55916047,16.93693626,,,,,,,,,,,,,,,,,,,,,,,,,,,,
,,,,15.40892652,17.20244241,,,,,,,,,,,,,,,,,,,,,,,,,,,,
,,,,15.60245545,17.14697015,,,,,,,,,,,,,,,,,,,,,,,,,,,,
,,,,15.56788669,17.17838315,,,,,,,,,,,,,,,,,,,,,,,,,,,,
,,,,15.95357752,17.1710299,,,,,,,,,,,,,,,,,,,,,,,,,,,,
,,,,15.14894688,17.29981667,,,,,,,,,,,,,,,,,,,,,,,,,,,,
,,,,15.53833172,17.28496271,,,,,,,,,,,,,,,,,,,,,,,,,,,,
,,,,15.59988991,17.72710435,,,,,,,,,,,,,,,,,,,,,,,,,,,,
,,,,16.02141051,17.51991142,,,,,,,,,,,,,,,,,,,,,,,,,,,,
,,,,16.0652172,17.17157632,,,,,,,,,,,,,,,,,,,,,,,,,,,,
,,,,16.02604952,17.13934078,,,,,,,,,,,,,,,,,,,,,,,,,,,,
,,,,17.36255714,17.3312547,,,,,,,,,,,,,,,,,,,,,,,,,,,,
,,,,18.61089061,17.37472705,,,,,,,,,,,,,,,,,,,,,,,,,,,,
,,,,18.45482857,17.16754082,,,,,,,,,,,,,,,,,,,,,,,,,,,,
,,,,17.7203467,17.11749211,,,,,,,,,,,,,,,,,,,,,,,,,,,,
,,,,18.0061785,17.16756667,,,,,,,,,,,,,,,,,,,,,,,,,,,,
,,,,19.25801667,17.03058333,,,,,,,,,,,,,,,,,,,,,,,,,,,,
,,,,18.26212305,15.66168676,,,,,,,,,,,,,,,,,,,,,,,,,,,,
,,,,18.86445769,15.77865385,,,,,,,,,,,,,,,,,,,,,,,,,,,,
,,,,19.04897475,15.81695979,,,,,,,,,,,,,,,,,,,,,,,,,,,,
,,,,17.84168355,15.66576725,,,,,,,,,,,,,,,,,,,,,,,,,,,,
,,,,17.75067169,16.24929483,,,,,,,,,,,,,,,,,,,,,,,,,,,,
,,,,16.55152085,16.56065605,,,,,,,,,,,,,,,,,,,,,,,,,,,,
,,,,17.29606364,16.2666406,,,,,,,,,,,,,,,,,,,,,,,,,,,,
,,,,17.91092816,16.03884947,,,,,,,,,,,,,,,,,,,,,,,,,,,,
,,,,17.45056796,15.84671,,,,,,,,,,,,,,,,,,,,,,,,,,,,
,,,,18.4882966,15.29917483,,,,,,,,,,,,,,,,,,,,,,,,,,,,
,,,,15.12629785,14.00368659,,,,,,,,,,,,,,,,,,,,,,,,,,,,
,,,,18.39684805,16.43551321,,,,,,,,,,,,,,,,,,,,,,,,,,,,
,,,,17.50716159,18.21200816,,,,,,,,,,,,,,,,,,,,,,,,,,,,
,,,,17.976165,17.79804258,,,,,,,,,,,,,,,,,,,,,,,,,,,,
,,,,18.24638367,16.98759529,,,,,,,,,,,,,,,,,,,,,,,,,,,,
,,,,18.99079937,15.51241531,,,,,,,,,,,,,,,,,,,,,,,,,,,,
,,,,18.30835841,16.71978309,,,,,,,,,,,,,,,,,,,,,,,,,,,,
,,,,18.62853854,12.93818963,,,,,,,,,,,,,,,,,,,,,,,,,,,,
,,,,19.3957984,12.46583867,,,,,,,,,,,,,,,,,,,,,,,,,,,,
,,,,18.4104132,12.22803307,,,,,,,,,,,,,,,,,,,,,,,,,,,,
,,,,19.11466873,11.62317908,,,,,,,,,,,,,,,,,,,,,,,,,,,,
,,,,18.42820575,11.51668677,,,,,,,,,,,,,,,,,,,,,,,,,,,,
,,,,19.61535048,11.75304576,,,,,,,,,,,,,,,,,,,,,,,,,,,,
,,,,19.22128893,10.47983084,,,,,,,,,,,,,,,,,,,,,,,,,,,,
,,,,19.04274727,10.56825833,,,,,,,,,,,,,,,,,,,,,,,,,,,,
,,,,18.40029016,10.64009785,,,,,,,,,,,,,,,,,,,,,,,,,,,,
,,,,17.91026117,10.52395224,,,,,,,,,,,,,,,,,,,,,,,,,,,,
,,,,23.26290197,10.38760965,,,,,,,,,,,,,,,,,,,,,,,,,,,,
,,,,11.26604587,10.38076187,,,,,,,,,,,,,,,,,,,,,,,,,,,,
,,,,11.9518323,10.68621724,,,,,,,,,,,,,,,,,,,,,,,,,,,,
,,,,14.37284961,10.82134909,,,,,,,,,,,,,,,,,,,,,,,,,,,,
,,,,14.04835524,10.82332363,,,,,,,,,,,,,,,,,,,,,,,,,,,,
,,,,14.28434186,10.87422957,,,,,,,,,,,,,,,,,,,,,,,,,,,,
,,,,14.54906946,14.19307571,,,,,,,,,,,,,,,,,,,,,,,,,,,,
,,,,15.11702027,12.07291362,,,,,,,,,,,,,,,,,,,,,,,,,,,,
,,,,14.61635515,10.18463499,,,,,,,,,,,,,,,,,,,,,,,,,,,,
,,,,14.55751101,10.64001191,,,,,,,,,,,,,,,,,,,,,,,,,,,,
,,,,14.48857508,10.6021792,,,,,,,,,,,,,,,,,,,,,,,,,,,,
,,,,14.48910266,15.53752636,,,,,,,,,,,,,,,,,,,,,,,,,,,,
,,,,14.70582933,11.01255285,,,,,,,,,,,,,,,,,,,,,,,,,,,,
,,,,15.27734135,9.927352588,,,,,,,,,,,,,,,,,,,,,,,,,,,,
,,,,14.61129966,10.06880242,,,,,,,,,,,,,,,,,,,,,,,,,,,,
,,,,14.57432127,11.00118706,,,,,,,,,,,,,,,,,,,,,,,,,,,,
,,,,14.65592051,11.61274619,,,,,,,,,,,,,,,,,,,,,,,,,,,,
,,,,14.57882646,11.54235401,,,,,,,,,,,,,,,,,,,,,,,,,,,,
,,,,15.15023673,11.45453245,,,,,,,,,,,,,,,,,,,,,,,,,,,,
,,,,15.19477716,10.92374582,,,,,,,,,,,,,,,,,,,,,,,,,,,,
,,,,15.19783812,10.38275759,,,,,,,,,,,,,,,,,,,,,,,,,,,,
,,,,15.13462512,12.61634655,,,,,,,,,,,,,,,,,,,,,,,,,,,,
,,,,14.63143951,10.97106687,,,,,,,,,,,,,,,,,,,,,,,,,,,,
,,,,14.41902627,10.9063672,,,,,,,,,,,,,,,,,,,,,,,,,,,,
,,,,14.4219962,9.010042558,,,,,,,,,,,,,,,,,,,,,,,,,,,,
,,,,14.49875,8.211758386,,,,,,,,,,,,,,,,,,,,,,,,,,,,
,,,,14.45639856,8.865489306,,,,,,,,,,,,,,,,,,,,,,,,,,,,
,,,,14.68290693,9.026465802,,,,,,,,,,,,,,,,,,,,,,,,,,,,
,,,,14.96292835,10.89366566,,,,,,,,,,,,,,,,,,,,,,,,,,,,
,,,,14.471887,10.47074381,,,,,,,,,,,,,,,,,,,,,,,,,,,,
,,,,14.87850374,10.67690126,,,,,,,,,,,,,,,,,,,,,,,,,,,,
,,,,13.89326422,10.2782337,,,,,,,,,,,,,,,,,,,,,,,,,,,,
,,,,14.17075972,10.56144548,,,,,,,,,,,,,,,,,,,,,,,,,,,,
,,,,14.91987746,10.17375835,,,,,,,,,,,,,,,,,,,,,,,,,,,,
,,,,10.77961931,10.72129871,,,,,,,,,,,,,,,,,,,,,,,,,,,,
,,,,13.87365584,11.11990717,,,,,,,,,,,,,,,,,,,,,,,,,,,,
,,,,13.79695108,10.6012,,,,,,,,,,,,,,,,,,,,,,,,,,,,
,,,,14.11199162,10.26285324,,,,,,,,,,,,,,,,,,,,,,,,,,,,
,,,,13.23691532,13.6415373,,,,,,,,,,,,,,,,,,,,,,,,,,,,
,,,,13.33588927,10.72744115,,,,,,,,,,,,,,,,,,,,,,,,,,,,
,,,,13.10612886,11.31160407,,,,,,,,,,,,,,,,,,,,,,,,,,,,
,,,,13.20577476,12.62537989,,,,,,,,,,,,,,,,,,,,,,,,,,,,
,,,,13.27721571,11.08314983,,,,,,,,,,,,,,,,,,,,,,,,,,,,
,,,,13.30472108,12.36495214,,,,,,,,,,,,,,,,,,,,,,,,,,,,
,,,,13.70196087,13.45214074,,,,,,,,,,,,,,,,,,,,,,,,,,,,
,,,,14.00557578,12.30521563,,,,,,,,,,,,,,,,,,,,,,,,,,,,
,,,,13.43440892,12.42962659,,,,,,,,,,,,,,,,,,,,,,,,,,,,
,,,,13.31769103,12.64274169,,,,,,,,,,,,,,,,,,,,,,,,,,,,
,,,,13.42751941,10.23465779,,,,,,,,,,,,,,,,,,,,,,,,,,,,
,,,,13.33184255,10.29762662,,,,,,,,,,,,,,,,,,,,,,,,,,,,
,,,,13.31147311,12.36457297,,,,,,,,,,,,,,,,,,,,,,,,,,,,
,,,,14.41545149,11.28689885,,,,,,,,,,,,,,,,,,,,,,,,,,,,
,,,,13.56761724,12.61953818,,,,,,,,,,,,,,,,,,,,,,,,,,,,
,,,,13.30878893,12.48634422,,,,,,,,,,,,,,,,,,,,,,,,,,,,
,,,,13.5387435,13.86472795,,,,,,,,,,,,,,,,,,,,,,,,,,,,
,,,,13.51225021,14.59815501,,,,,,,,,,,,,,,,,,,,,,,,,,,,
,,,,13.05528628,12.87520321,,,,,,,,,,,,,,,,,,,,,,,,,,,,
,,,,12.90099515,11.5093742,,,,,,,,,,,,,,,,,,,,,,,,,,,,
,,,,13.81207328,14.29104728,,,,,,,,,,,,,,,,,,,,,,,,,,,,
,,,,13.82584525,12.32495145,,,,,,,,,,,,,,,,,,,,,,,,,,,,
,,,,13.86760276,13.08187594,,,,,,,,,,,,,,,,,,,,,,,,,,,,
,,,,12.1068502,14.32209542,,,,,,,,,,,,,,,,,,,,,,,,,,,,
,,,,12.19798929,15.79206114,,,,,,,,,,,,,,,,,,,,,,,,,,,,
,,,,11.89474961,10.61185652,,,,,,,,,,,,,,,,,,,,,,,,,,,,
,,,,11.9012,14.74166348,,,,,,,,,,,,,,,,,,,,,,,,,,,,
,,,,11.66327434,13.89070567,,,,,,,,,,,,,,,,,,,,,,,,,,,,
,,,,11.69863975,14.5100616,,,,,,,,,,,,,,,,,,,,,,,,,,,,
,,,,11.48056942,14.58398446,,,,,,,,,,,,,,,,,,,,,,,,,,,,
,,,,11.57491245,14.76256225,,,,,,,,,,,,,,,,,,,,,,,,,,,,
,,,,11.67717866,13.82987394,,,,,,,,,,,,,,,,,,,,,,,,,,,,
,,,,12.30832786,14.05330791,,,,,,,,,,,,,,,,,,,,,,,,,,,,
,,,,10.99363003,15.40111029,,,,,,,,,,,,,,,,,,,,,,,,,,,,
,,,,12.58760388,16.23322821,,,,,,,,,,,,,,,,,,,,,,,,,,,,
,,,,12.48412218,15.999717,,,,,,,,,,,,,,,,,,,,,,,,,,,,
,,,,12.27695385,15.33534028,,,,,,,,,,,,,,,,,,,,,,,,,,,,
,,,,12.48000372,12.59050718,,,,,,,,,,,,,,,,,,,,,,,,,,,,
,,,,9.487555598,12.43028309,,,,,,,,,,,,,,,,,,,,,,,,,,,,
,,,,12.00088536,9.67106515,,,,,,,,,,,,,,,,,,,,,,,,,,,,
,,,,10.67348363,15.04705158,,,,,,,,,,,,,,,,,,,,,,,,,,,,
,,,,11.49917558,12.573682,,,,,,,,,,,,,,,,,,,,,,,,,,,,
,,,,11.22421616,12.24655838,,,,,,,,,,,,,,,,,,,,,,,,,,,,
,,,,10.56352339,12.86710632,,,,,,,,,,,,,,,,,,,,,,,,,,,,
,,,,10.36688626,13.87942471,,,,,,,,,,,,,,,,,,,,,,,,,,,,
,,,,9.8637437,14.47558324,,,,,,,,,,,,,,,,,,,,,,,,,,,,
,,,,9.861112304,9.861964433,,,,,,,,,,,,,,,,,,,,,,,,,,,,
,,,,10.23281721,13.8155886,,,,,,,,,,,,,,,,,,,,,,,,,,,,
,,,,10.09645758,16.02255245,,,,,,,,,,,,,,,,,,,,,,,,,,,,
,,,,9.856156761,16.88737316,,,,,,,,,,,,,,,,,,,,,,,,,,,,
,,,,9.73554038,16.67651691,,,,,,,,,,,,,,,,,,,,,,,,,,,,
,,,,9.799410904,17.27110824,,,,,,,,,,,,,,,,,,,,,,,,,,,,
,,,,10.05385567,16.54424868,,,,,,,,,,,,,,,,,,,,,,,,,,,,
,,,,10.14809533,16.76252348,,,,,,,,,,,,,,,,,,,,,,,,,,,,
,,,,10.29204402,17.45800459,,,,,,,,,,,,,,,,,,,,,,,,,,,,
,,,,10.22313941,10.32166071,,,,,,,,,,,,,,,,,,,,,,,,,,,,
,,,,7.420880254,11.53757972,,,,,,,,,,,,,,,,,,,,,,,,,,,,
,,,,6.97078661,18.17229276,,,,,,,,,,,,,,,,,,,,,,,,,,,,
,,,,6.5733975,17.10121033,,,,,,,,,,,,,,,,,,,,,,,,,,,,
,,,,9.639145041,15.38771328,,,,,,,,,,,,,,,,,,,,,,,,,,,,
,,,,9.992681364,15.00306791,,,,,,,,,,,,,,,,,,,,,,,,,,,,
,,,,10.99646606,15.04233598,,,,,,,,,,,,,,,,,,,,,,,,,,,,
,,,,10.42432404,16.28196193,,,,,,,,,,,,,,,,,,,,,,,,,,,,
,,,,6.783010986,16.58910765,,,,,,,,,,,,,,,,,,,,,,,,,,,,
,,,,6.510402467,10.58543026,,,,,,,,,,,,,,,,,,,,,,,,,,,,
,,,,6.721020321,10.6663078,,,,,,,,,,,,,,,,,,,,,,,,,,,,
,,,,10.50755988,15.1944963,,,,,,,,,,,,,,,,,,,,,,,,,,,,
,,,,10.33649162,14.52376173,,,,,,,,,,,,,,,,,,,,,,,,,,,,
,,,,6.75331066,15.29242913,,,,,,,,,,,,,,,,,,,,,,,,,,,,
,,,,6.739465134,15.37087765,,,,,,,,,,,,,,,,,,,,,,,,,,,,
,,,,6.843328885,14.39955859,,,,,,,,,,,,,,,,,,,,,,,,,,,,
,,,,7.089946182,14.21584391,,,,,,,,,,,,,,,,,,,,,,,,,,,,
,,,,6.764987587,10.88869694,,,,,,,,,,,,,,,,,,,,,,,,,,,,
,,,,6.84560526,17.67705706,,,,,,,,,,,,,,,,,,,,,,,,,,,,
,,,,6.599829391,15.26958555,,,,,,,,,,,,,,,,,,,,,,,,,,,,
,,,,6.348113217,10.93051063,,,,,,,,,,,,,,,,,,,,,,,,,,,,
,,,,6.130416965,13.64692508,,,,,,,,,,,,,,,,,,,,,,,,,,,,
,,,,5.896771349,10.26611687,,,,,,,,,,,,,,,,,,,,,,,,,,,,
,,,,10.21682841,10.36935434,,,,,,,,,,,,,,,,,,,,,,,,,,,,
,,,,6.355553387,14.64061389,,,,,,,,,,,,,,,,,,,,,,,,,,,,
,,,,6.038765422,14.80408672,,,,,,,,,,,,,,,,,,,,,,,,,,,,
,,,,5.836969467,12.16001057,,,,,,,,,,,,,,,,,,,,,,,,,,,,
,,,,5.594666328,11.94557356,,,,,,,,,,,,,,,,,,,,,,,,,,,,
,,,,9.769744297,12.09603447,,,,,,,,,,,,,,,,,,,,,,,,,,,,
,,,,9.850897006,10.48476164,,,,,,,,,,,,,,,,,,,,,,,,,,,,
,,,,9.9497706,10.65889755,,,,,,,,,,,,,,,,,,,,,,,,,,,,
,,,,9.984576016,10.71460166,,,,,,,,,,,,,,,,,,,,,,,,,,,,
,,,,9.7382435,10.56519358,,,,,,,,,,,,,,,,,,,,,,,,,,,,
,,,,9.521404206,11.72206084,,,,,,,,,,,,,,,,,,,,,,,,,,,,
,,,,9.865121239,18.31796254,,,,,,,,,,,,,,,,,,,,,,,,,,,,
,,,,10.40753059,10.18755381,,,,,,,,,,,,,,,,,,,,,,,,,,,,
,,,,6.776904434,17.4499338,,,,,,,,,,,,,,,,,,,,,,,,,,,,
,,,,6.007686837,14.27853429,,,,,,,,,,,,,,,,,,,,,,,,,,,,
,,,,6.362178827,17.89323153,,,,,,,,,,,,,,,,,,,,,,,,,,,,
,,,,6.758151438,10.13295322,,,,,,,,,,,,,,,,,,,,,,,,,,,,
,,,,6.515221745,15.4868796,,,,,,,,,,,,,,,,,,,,,,,,,,,,
,,,,6.756227933,15.2386118,,,,,,,,,,,,,,,,,,,,,,,,,,,,
,,,,6.843093925,10.46662081,,,,,,,,,,,,,,,,,,,,,,,,,,,,
,,,,9.516420616,14.24959205,,,,,,,,,,,,,,,,,,,,,,,,,,,,
,,,,9.548817056,13.38452006,,,,,,,,,,,,,,,,,,,,,,,,,,,,
,,,,7.089045308,13.99248442,,,,,,,,,,,,,,,,,,,,,,,,,,,,
,,,,6.510195954,13.55415674,,,,,,,,,,,,,,,,,,,,,,,,,,,,
,,,,6.517653013,13.76525994,,,,,,,,,,,,,,,,,,,,,,,,,,,,
,,,,6.54208017,13.89077379,,,,,,,,,,,,,,,,,,,,,,,,,,,,
,,,,6.708170909,17.40626695,,,,,,,,,,,,,,,,,,,,,,,,,,,,
,,,,6.716392837,13.16731095,,,,,,,,,,,,,,,,,,,,,,,,,,,,
,,,,6.625328432,10.57268064,,,,,,,,,,,,,,,,,,,,,,,,,,,,
,,,,6.461622492,10.99160997,,,,,,,,,,,,,,,,,,,,,,,,,,,,
,,,,6.89632482,12.84747405,,,,,,,,,,,,,,,,,,,,,,,,,,,,
,,,,7.014197336,12.5367125,,,,,,,,,,,,,,,,,,,,,,,,,,,,
,,,,6.9767655,17.39665706,,,,,,,,,,,,,,,,,,,,,,,,,,,,
,,,,6.69685951,13.93196979,,,,,,,,,,,,,,,,,,,,,,,,,,,,
,,,,6.847599208,10.87272603,,,,,,,,,,,,,,,,,,,,,,,,,,,,
,,,,9.8217933,10.59432145,,,,,,,,,,,,,,,,,,,,,,,,,,,,
,,,,7.034766797,10.48738671,,,,,,,,,,,,,,,,,,,,,,,,,,,,
,,,,6.684621438,12.95673086,,,,,,,,,,,,,,,,,,,,,,,,,,,,
,,,,7.105759205,14.49090141,,,,,,,,,,,,,,,,,,,,,,,,,,,,
,,,,7.013347523,16.67153465,,,,,,,,,,,,,,,,,,,,,,,,,,,,
,,,,7.166382783,10.51202947,,,,,,,,,,,,,,,,,,,,,,,,,,,,
,,,,6.860879816,12.706075,,,,,,,,,,,,,,,,,,,,,,,,,,,,
,,,,6.904907053,18.52548051,,,,,,,,,,,,,,,,,,,,,,,,,,,,
,,,,7.151017523,16.04727067,,,,,,,,,,,,,,,,,,,,,,,,,,,,
,,,,7.411225278,10.17538052,,,,,,,,,,,,,,,,,,,,,,,,,,,,
,,,,7.466174455,10.31347201,,,,,,,,,,,,,,,,,,,,,,,,,,,,
,,,,7.373558896,10.3729881,,,,,,,,,,,,,,,,,,,,,,,,,,,,
,,,,7.023973366,12.75735514,,,,,,,,,,,,,,,,,,,,,,,,,,,,
,,,,7.014794951,10.29451144,,,,,,,,,,,,,,,,,,,,,,,,,,,,
,,,,9.657311888,10.44867045,,,,,,,,,,,,,,,,,,,,,,,,,,,,
,,,,7.272784578,10.31134595,,,,,,,,,,,,,,,,,,,,,,,,,,,,
,,,,6.921911296,18.24939717,,,,,,,,,,,,,,,,,,,,,,,,,,,,
,,,,6.937878,10.52853014,,,,,,,,,,,,,,,,,,,,,,,,,,,,
,,,,7.134450872,10.62269435,,,,,,,,,,,,,,,,,,,,,,,,,,,,
,,,,7.280574694,10.79130336,,,,,,,,,,,,,,,,,,,,,,,,,,,,
,,,,7.420629902,10.63751946,,,,,,,,,,,,,,,,,,,,,,,,,,,,
,,,,9.59699755,19.53290258,,,,,,,,,,,,,,,,,,,,,,,,,,,,
,,,,7.283460955,11.35415615,,,,,,,,,,,,,,,,,,,,,,,,,,,,
,,,,7.355460602,16.14350056,,,,,,,,,,,,,,,,,,,,,,,,,,,,
,,,,7.385462524,11.35893657,,,,,,,,,,,,,,,,,,,,,,,,,,,,
,,,,7.386187981,11.35512469,,,,,,,,,,,,,,,,,,,,,,,,,,,,
,,,,7.623173558,11.47818696,,,,,,,,,,,,,,,,,,,,,,,,,,,,
,,,,7.570728502,11.30246019,,,,,,,,,,,,,,,,,,,,,,,,,,,,
,,,,7.631553648,20.18935652,,,,,,,,,,,,,,,,,,,,,,,,,,,,
,,,,7.715779658,14.33871805,,,,,,,,,,,,,,,,,,,,,,,,,,,,
,,,,9.318061119,11.46424032,,,,,,,,,,,,,,,,,,,,,,,,,,,,
,,,,8.731368069,11.35973588,,,,,,,,,,,,,,,,,,,,,,,,,,,,
,,,,7.242990234,11.58453571,,,,,,,,,,,,,,,,,,,,,,,,,,,,
,,,,7.238479182,11.49426742,,,,,,,,,,,,,,,,,,,,,,,,,,,,
,,,,7.069177941,11.64718754,,,,,,,,,,,,,,,,,,,,,,,,,,,,
,,,,8.019251534,11.43173883,,,,,,,,,,,,,,,,,,,,,,,,,,,,
,,,,8.105678955,11.43564221,,,,,,,,,,,,,,,,,,,,,,,,,,,,
,,,,7.577203588,11.6522981,,,,,,,,,,,,,,,,,,,,,,,,,,,,
,,,,7.344856696,11.03417069,,,,,,,,,,,,,,,,,,,,,,,,,,,,
,,,,9.634486159,11.32279241,,,,,,,,,,,,,,,,,,,,,,,,,,,,
,,,,9.848375032,11.61902208,,,,,,,,,,,,,,,,,,,,,,,,,,,,
,,,,7.922149333,11.34970065,,,,,,,,,,,,,,,,,,,,,,,,,,,,
,,,,7.866651054,11.45053177,,,,,,,,,,,,,,,,,,,,,,,,,,,,
,,,,7.75764942,11.63545188,,,,,,,,,,,,,,,,,,,,,,,,,,,,
,,,,7.422447847,11.61878774,,,,,,,,,,,,,,,,,,,,,,,,,,,,
,,,,7.60123685,,,,,,,,,,,,,,,,,,,,,,,,,,,,,
,,,,7.489274304,,,,,,,,,,,,,,,,,,,,,,,,,,,,,
,,,,9.959223345,,,,,,,,,,,,,,,,,,,,,,,,,,,,,
,,,,6.672782054,,,,,,,,,,,,,,,,,,,,,,,,,,,,,
,,,,7.267349685,,,,,,,,,,,,,,,,,,,,,,,,,,,,,
,,,,10.26681818,,,,,,,,,,,,,,,,,,,,,,,,,,,,,
,,,,9.395533323,,,,,,,,,,,,,,,,,,,,,,,,,,,,,
,,,,10.11014792,,,,,,,,,,,,,,,,,,,,,,,,,,,,,
,,,,10.25348916,,,,,,,,,,,,,,,,,,,,,,,,,,,,,
,,,,7.048498639,,,,,,,,,,,,,,,,,,,,,,,,,,,,,
,,,,7.059012581,,,,,,,,,,,,,,,,,,,,,,,,,,,,,
,,,,6.843253199,,,,,,,,,,,,,,,,,,,,,,,,,,,,,
,,,,7.090734749,,,,,,,,,,,,,,,,,,,,,,,,,,,,,
,,,,7.161534615,,,,,,,,,,,,,,,,,,,,,,,,,,,,,
,,,,10.17849715,,,,,,,,,,,,,,,,,,,,,,,,,,,,,
,,,,9.975871572,,,,,,,,,,,,,,,,,,,,,,,,,,,,,
,,,,10.43714175,,,,,,,,,,,,,,,,,,,,,,,,,,,,,
,,,,10.34976403,,,,,,,,,,,,,,,,,,,,,,,,,,,,,
,,,,9.475406667,,,,,,,,,,,,,,,,,,,,,,,,,,,,,
,,,,7.321107264,,,,,,,,,,,,,,,,,,,,,,,,,,,,,
,,,,9.664758262,,,,,,,,,,,,,,,,,,,,,,,,,,,,,
,,,,7.666525766,,,,,,,,,,,,,,,,,,,,,,,,,,,,,
,,,,7.853560093,,,,,,,,,,,,,,,,,,,,,,,,,,,,,
,,,,7.946415279,,,,,,,,,,,,,,,,,,,,,,,,,,,,,
,,,,9.271457839,,,,,,,,,,,,,,,,,,,,,,,,,,,,,
,,,,8.207866928,,,,,,,,,,,,,,,,,,,,,,,,,,,,,
,,,,8.081981212,,,,,,,,,,,,,,,,,,,,,,,,,,,,,
,,,,9.595489567,,,,,,,,,,,,,,,,,,,,,,,,,,,,,
,,,,7.797087134,,,,,,,,,,,,,,,,,,,,,,,,,,,,,
,,,,7.830932826,,,,,,,,,,,,,,,,,,,,,,,,,,,,,
,,,,7.652271736,,,,,,,,,,,,,,,,,,,,,,,,,,,,,
,,,,7.63150135,,,,,,,,,,,,,,,,,,,,,,,,,,,,,
,,,,7.818958824,,,,,,,,,,,,,,,,,,,,,,,,,,,,,
,,,,7.767675333,,,,,,,,,,,,,,,,,,,,,,,,,,,,,
,,,,7.085439398,,,,,,,,,,,,,,,,,,,,,,,,,,,,,
,,,,7.306675566,,,,,,,,,,,,,,,,,,,,,,,,,,,,,
,,,,7.084723706,,,,,,,,,,,,,,,,,,,,,,,,,,,,,
,,,,10.88104694,,,,,,,,,,,,,,,,,,,,,,,,,,,,,
,,,,10.33623829,,,,,,,,,,,,,,,,,,,,,,,,,,,,,
,,,,10.16263412,,,,,,,,,,,,,,,,,,,,,,,,,,,,,
,,,,7.864263244,,,,,,,,,,,,,,,,,,,,,,,,,,,,,
,,,,9.644272607,,,,,,,,,,,,,,,,,,,,,,,,,,,,,
,,,,10.35929268,,,,,,,,,,,,,,,,,,,,,,,,,,,,,
,,,,10.74478478,,,,,,,,,,,,,,,,,,,,,,,,,,,,,
,,,,10.52798283,,,,,,,,,,,,,,,,,,,,,,,,,,,,,
,,,,8.178139712,,,,,,,,,,,,,,,,,,,,,,,,,,,,,
,,,,7.948707339,,,,,,,,,,,,,,,,,,,,,,,,,,,,,
,,,,7.623685656,,,,,,,,,,,,,,,,,,,,,,,,,,,,,
,,,,10.99631818,,,,,,,,,,,,,,,,,,,,,,,,,,,,,
,,,,9.535396181,,,,,,,,,,,,,,,,,,,,,,,,,,,,,
,,,,8.767487402,,,,,,,,,,,,,,,,,,,,,,,,,,,,,
,,,,8.319439021,,,,,,,,,,,,,,,,,,,,,,,,,,,,,
,,,,9.731234839,,,,,,,,,,,,,,,,,,,,,,,,,,,,,
,,,,10.48041808,,,,,,,,,,,,,,,,,,,,,,,,,,,,,
,,,,10.29960264,,,,,,,,,,,,,,,,,,,,,,,,,,,,,
,,,,10.67734133,,,,,,,,,,,,,,,,,,,,,,,,,,,,,
,,,,11.16230705,,,,,,,,,,,,,,,,,,,,,,,,,,,,,
,,,,11.17786591,,,,,,,,,,,,,,,,,,,,,,,,,,,,,
,,,,10.8283929,,,,,,,,,,,,,,,,,,,,,,,,,,,,,
,,,,7.887810031,,,,,,,,,,,,,,,,,,,,,,,,,,,,,
,,,,10.38449293,,,,,,,,,,,,,,,,,,,,,,,,,,,,,
,,,,10.65158601,,,,,,,,,,,,,,,,,,,,,,,,,,,,,
,,,,11.17800403,,,,,,,,,,,,,,,,,,,,,,,,,,,,,
,,,,10.74768767,,,,,,,,,,,,,,,,,,,,,,,,,,,,,
,,,,8.178748354,,,,,,,,,,,,,,,,,,,,,,,,,,,,,
,,,,11.53691935,,,,,,,,,,,,,,,,,,,,,,,,,,,,,
,,,,9.024682242,,,,,,,,,,,,,,,,,,,,,,,,,,,,,
,,,,10.31861146,,,,,,,,,,,,,,,,,,,,,,,,,,,,,
,,,,9.426796082,,,,,,,,,,,,,,,,,,,,,,,,,,,,,
,,,,10.85033016,,,,,,,,,,,,,,,,,,,,,,,,,,,,,
,,,,10.41197298,,,,,,,,,,,,,,,,,,,,,,,,,,,,,
,,,,8.661229088,,,,,,,,,,,,,,,,,,,,,,,,,,,,,
,,,,9.799280988,,,,,,,,,,,,,,,,,,,,,,,,,,,,,
,,,,10.1483551,,,,,,,,,,,,,,,,,,,,,,,,,,,,,
,,,,9.941336591,,,,,,,,,,,,,,,,,,,,,,,,,,,,,
,,,,10.35604851,,,,,,,,,,,,,,,,,,,,,,,,,,,,,
,,,,10.25233164,,,,,,,,,,,,,,,,,,,,,,,,,,,,,
,,,,10.63108444,,,,,,,,,,,,,,,,,,,,,,,,,,,,,
,,,,10.66945791,,,,,,,,,,,,,,,,,,,,,,,,,,,,,
,,,,11.13664434,,,,,,,,,,,,,,,,,,,,,,,,,,,,,
,,,,10.58939439,,,,,,,,,,,,,,,,,,,,,,,,,,,,,
,,,,10.41924879,,,,,,,,,,,,,,,,,,,,,,,,,,,,,
,,,,11.23717735,,,,,,,,,,,,,,,,,,,,,,,,,,,,,
,,,,11.31553151,,,,,,,,,,,,,,,,,,,,,,,,,,,,,
,,,,11.11621118,,,,,,,,,,,,,,,,,,,,,,,,,,,,,
,,,,11.17365433,,,,,,,,,,,,,,,,,,,,,,,,,,,,,
,,,,10.90972977,,,,,,,,,,,,,,,,,,,,,,,,,,,,,
,,,,10.85443503,,,,,,,,,,,,,,,,,,,,,,,,,,,,,
